1.983000000000000000e+04
1.983100000000000000e+04
2.027600000000000000e+04
2.028400000000000000e+04
2.029600000000000000e+04
2.031500000000000000e+04
2.033600000000000000e+04
2.044300000000000000e+04
2.044400000000000000e+04
2.044500000000000000e+04
2.044600000000000000e+04
2.044800000000000000e+04
2.044900000000000000e+04
2.045000000000000000e+04
2.045100000000000000e+04
2.045200000000000000e+04
2.045300000000000000e+04
2.045600000000000000e+04
2.045700000000000000e+04
2.045900000000000000e+04
2.046000000000000000e+04
2.046100000000000000e+04
2.046200000000000000e+04
2.046300000000000000e+04
2.046400000000000000e+04
2.046500000000000000e+04
2.046600000000000000e+04
2.046700000000000000e+04
2.046800000000000000e+04
2.046900000000000000e+04
2.047100000000000000e+04
2.047200000000000000e+04
2.047300000000000000e+04
2.047500000000000000e+04
2.047600000000000000e+04
2.047700000000000000e+04
2.047800000000000000e+04
2.067200000000000000e+04
2.067300000000000000e+04
2.070900000000000000e+04
2.071000000000000000e+04
2.075100000000000000e+04
2.075200000000000000e+04
2.075300000000000000e+04
2.075400000000000000e+04
2.075500000000000000e+04
2.075600000000000000e+04
2.075700000000000000e+04
2.075800000000000000e+04
2.075900000000000000e+04
2.076000000000000000e+04
2.076100000000000000e+04
2.076200000000000000e+04
2.076300000000000000e+04
2.076400000000000000e+04
2.076500000000000000e+04
2.076600000000000000e+04
2.076700000000000000e+04
2.076800000000000000e+04
2.076900000000000000e+04
2.077000000000000000e+04
2.077100000000000000e+04
2.077200000000000000e+04
2.077300000000000000e+04
2.077400000000000000e+04
2.077500000000000000e+04
2.077600000000000000e+04
2.077700000000000000e+04
2.077800000000000000e+04
2.077900000000000000e+04
2.078000000000000000e+04
2.078100000000000000e+04
2.078200000000000000e+04
2.078300000000000000e+04
2.078400000000000000e+04
2.078500000000000000e+04
2.085600000000000000e+04
2.089400000000000000e+04
2.089500000000000000e+04
2.090500000000000000e+04
2.090600000000000000e+04
2.090700000000000000e+04
2.090800000000000000e+04
2.090900000000000000e+04
2.091000000000000000e+04
2.091100000000000000e+04
2.091200000000000000e+04
2.091300000000000000e+04
2.091400000000000000e+04
2.091500000000000000e+04
2.091600000000000000e+04
2.091700000000000000e+04
2.091800000000000000e+04
2.091900000000000000e+04
2.092000000000000000e+04
2.092100000000000000e+04
2.092200000000000000e+04
2.092400000000000000e+04
2.092500000000000000e+04
2.092600000000000000e+04
2.092700000000000000e+04
2.092800000000000000e+04
2.092900000000000000e+04
2.093000000000000000e+04
2.093100000000000000e+04
2.093400000000000000e+04
2.093500000000000000e+04
2.094200000000000000e+04
2.094300000000000000e+04
2.094400000000000000e+04
2.094500000000000000e+04
2.094600000000000000e+04
2.094900000000000000e+04
2.095000000000000000e+04
2.095100000000000000e+04
2.095200000000000000e+04
2.095300000000000000e+04
2.095400000000000000e+04
2.095500000000000000e+04
2.095600000000000000e+04
2.095700000000000000e+04
2.095800000000000000e+04
2.095900000000000000e+04
2.096000000000000000e+04
2.096100000000000000e+04
2.096200000000000000e+04
2.096300000000000000e+04
2.096500000000000000e+04
2.096600000000000000e+04
2.096800000000000000e+04
2.096900000000000000e+04
2.097000000000000000e+04
2.097100000000000000e+04
2.097600000000000000e+04
2.098300000000000000e+04
2.098400000000000000e+04
2.098500000000000000e+04
2.098600000000000000e+04
2.098700000000000000e+04
2.098800000000000000e+04
2.098900000000000000e+04
2.099000000000000000e+04
2.099100000000000000e+04
2.099200000000000000e+04
2.099300000000000000e+04
2.099400000000000000e+04
2.106300000000000000e+04
2.154000000000000000e+04
2.154100000000000000e+04
2.154200000000000000e+04
2.154300000000000000e+04
2.154400000000000000e+04
2.154500000000000000e+04
2.154600000000000000e+04
2.154700000000000000e+04
2.154800000000000000e+04
2.154900000000000000e+04
2.155000000000000000e+04
2.155100000000000000e+04
2.155200000000000000e+04
2.155300000000000000e+04
2.155400000000000000e+04
2.155500000000000000e+04
2.155600000000000000e+04
2.156500000000000000e+04
2.156600000000000000e+04
2.156700000000000000e+04
2.156800000000000000e+04
2.156900000000000000e+04
2.157000000000000000e+04
2.157100000000000000e+04
2.157200000000000000e+04
2.157300000000000000e+04
2.157400000000000000e+04
2.157500000000000000e+04
2.157600000000000000e+04
2.157700000000000000e+04
2.157800000000000000e+04
2.157900000000000000e+04
2.158000000000000000e+04
2.158100000000000000e+04
2.158200000000000000e+04
2.158300000000000000e+04
2.158400000000000000e+04
2.158500000000000000e+04
2.158600000000000000e+04
2.158700000000000000e+04
2.158800000000000000e+04
2.158900000000000000e+04
2.159000000000000000e+04
2.159200000000000000e+04
2.159300000000000000e+04
2.159400000000000000e+04
2.159500000000000000e+04
2.159600000000000000e+04
2.159700000000000000e+04
2.159800000000000000e+04
2.159900000000000000e+04
2.160000000000000000e+04
2.160100000000000000e+04
2.160200000000000000e+04
2.160300000000000000e+04
2.160400000000000000e+04
2.160500000000000000e+04
2.160600000000000000e+04
2.160700000000000000e+04
2.160800000000000000e+04
2.160900000000000000e+04
2.161000000000000000e+04
2.161100000000000000e+04
2.162900000000000000e+04
2.163000000000000000e+04
2.163100000000000000e+04
2.163200000000000000e+04
2.163300000000000000e+04
2.163400000000000000e+04
2.163500000000000000e+04
2.163600000000000000e+04
2.163700000000000000e+04
2.163800000000000000e+04
2.164500000000000000e+04
2.164900000000000000e+04
2.165000000000000000e+04
2.165100000000000000e+04
2.165200000000000000e+04
2.165300000000000000e+04
2.368400000000000000e+04
2.368500000000000000e+04
2.368600000000000000e+04
2.368700000000000000e+04
2.368800000000000000e+04
2.368900000000000000e+04
2.369000000000000000e+04
2.369100000000000000e+04
2.369200000000000000e+04
2.369300000000000000e+04
2.378800000000000000e+04
2.378900000000000000e+04
2.379000000000000000e+04
2.379100000000000000e+04
2.379200000000000000e+04
2.457000000000000000e+04
2.457100000000000000e+04
2.457200000000000000e+04
2.457300000000000000e+04
2.457400000000000000e+04
2.457500000000000000e+04
2.457600000000000000e+04
2.457700000000000000e+04
2.457800000000000000e+04
2.457900000000000000e+04
2.458000000000000000e+04
2.458100000000000000e+04
2.458200000000000000e+04
2.483100000000000000e+04
2.483200000000000000e+04
2.483300000000000000e+04
2.483400000000000000e+04
2.483500000000000000e+04
2.483600000000000000e+04
2.483700000000000000e+04
2.483800000000000000e+04
2.483900000000000000e+04
2.484000000000000000e+04
2.484100000000000000e+04
2.484200000000000000e+04
2.484300000000000000e+04
2.484400000000000000e+04
2.484500000000000000e+04
2.484600000000000000e+04
2.484700000000000000e+04
2.484800000000000000e+04
2.490500000000000000e+04
2.490600000000000000e+04
2.490700000000000000e+04
2.490800000000000000e+04
2.490900000000000000e+04
2.491000000000000000e+04
2.491100000000000000e+04
2.491200000000000000e+04
2.491300000000000000e+04
2.491400000000000000e+04
2.491500000000000000e+04
2.491600000000000000e+04
2.491700000000000000e+04
2.491800000000000000e+04
2.491900000000000000e+04
2.492000000000000000e+04
2.492100000000000000e+04
2.492200000000000000e+04
2.492300000000000000e+04
2.492400000000000000e+04
2.492500000000000000e+04
2.492600000000000000e+04
2.492700000000000000e+04
2.492800000000000000e+04
2.492900000000000000e+04
2.493000000000000000e+04
2.493100000000000000e+04
2.493200000000000000e+04
2.493300000000000000e+04
2.493400000000000000e+04
2.493500000000000000e+04
2.493600000000000000e+04
2.493700000000000000e+04
2.493800000000000000e+04
2.493900000000000000e+04
2.494000000000000000e+04
2.494100000000000000e+04
2.494200000000000000e+04
2.494300000000000000e+04
2.494400000000000000e+04
2.494500000000000000e+04
2.494600000000000000e+04
2.494700000000000000e+04
2.494800000000000000e+04
2.494900000000000000e+04
2.495000000000000000e+04
2.495100000000000000e+04
2.495200000000000000e+04
2.495300000000000000e+04
2.495400000000000000e+04
2.495500000000000000e+04
2.495600000000000000e+04
2.495700000000000000e+04
2.495800000000000000e+04
2.495900000000000000e+04
2.505800000000000000e+04
2.505900000000000000e+04
2.506000000000000000e+04
2.506100000000000000e+04
2.506200000000000000e+04
2.506300000000000000e+04
2.506400000000000000e+04
2.506500000000000000e+04
2.506600000000000000e+04
2.506700000000000000e+04
2.506800000000000000e+04
2.506900000000000000e+04
2.507000000000000000e+04
2.507100000000000000e+04
2.507200000000000000e+04
2.507300000000000000e+04
2.507400000000000000e+04
2.507500000000000000e+04
2.507600000000000000e+04
2.507700000000000000e+04
2.507800000000000000e+04
2.508600000000000000e+04
2.508700000000000000e+04
2.508800000000000000e+04
2.508900000000000000e+04
2.509000000000000000e+04
2.509100000000000000e+04
2.509200000000000000e+04
2.509300000000000000e+04
2.509400000000000000e+04
2.509500000000000000e+04
2.509600000000000000e+04
2.509700000000000000e+04
2.509800000000000000e+04
2.509900000000000000e+04
2.510100000000000000e+04
2.513300000000000000e+04
2.513400000000000000e+04
2.513500000000000000e+04
2.522100000000000000e+04
2.522200000000000000e+04
2.522300000000000000e+04
2.522400000000000000e+04
2.522500000000000000e+04
2.522600000000000000e+04
2.522700000000000000e+04
2.522800000000000000e+04
2.522900000000000000e+04
2.523000000000000000e+04
2.523100000000000000e+04
2.523200000000000000e+04
2.530900000000000000e+04
2.531000000000000000e+04
2.531100000000000000e+04
2.539800000000000000e+04
2.539900000000000000e+04
2.540000000000000000e+04
2.540100000000000000e+04
2.540200000000000000e+04
2.540300000000000000e+04
2.540400000000000000e+04
2.540500000000000000e+04
2.540600000000000000e+04
2.541700000000000000e+04
2.541800000000000000e+04
2.541900000000000000e+04
2.542000000000000000e+04
2.542100000000000000e+04
2.542200000000000000e+04
2.542300000000000000e+04
2.542400000000000000e+04
2.542500000000000000e+04
2.542600000000000000e+04
2.542700000000000000e+04
2.542800000000000000e+04
2.557300000000000000e+04
2.557400000000000000e+04
2.557500000000000000e+04
2.557600000000000000e+04
2.557700000000000000e+04
2.557800000000000000e+04
2.557900000000000000e+04
2.558000000000000000e+04
2.558100000000000000e+04
2.558200000000000000e+04
2.558300000000000000e+04
2.558600000000000000e+04
2.558700000000000000e+04
2.560500000000000000e+04
2.560600000000000000e+04
2.560700000000000000e+04
2.560800000000000000e+04
2.560900000000000000e+04
2.561000000000000000e+04
2.561100000000000000e+04
2.561200000000000000e+04
2.561300000000000000e+04
2.561400000000000000e+04
2.561500000000000000e+04
2.561600000000000000e+04
2.580500000000000000e+04
2.580600000000000000e+04
2.580700000000000000e+04
2.580800000000000000e+04
2.582600000000000000e+04
2.582700000000000000e+04
2.582800000000000000e+04
2.582900000000000000e+04
2.583000000000000000e+04
2.583100000000000000e+04
2.583200000000000000e+04
2.583300000000000000e+04
2.591100000000000000e+04
2.591200000000000000e+04
2.591300000000000000e+04
2.591400000000000000e+04
2.591500000000000000e+04
2.591600000000000000e+04
2.591700000000000000e+04
2.591800000000000000e+04
2.591900000000000000e+04
2.592000000000000000e+04
2.592100000000000000e+04
2.592200000000000000e+04
2.592300000000000000e+04
2.592400000000000000e+04
2.592500000000000000e+04
2.592600000000000000e+04
2.592700000000000000e+04
2.592800000000000000e+04
2.592900000000000000e+04
2.593000000000000000e+04
2.593100000000000000e+04
2.593200000000000000e+04
2.607500000000000000e+04
2.607600000000000000e+04
2.607700000000000000e+04
2.607800000000000000e+04
2.607900000000000000e+04
2.608000000000000000e+04
2.608100000000000000e+04
2.608200000000000000e+04
2.608300000000000000e+04
2.608400000000000000e+04
2.608700000000000000e+04
2.608800000000000000e+04
2.608900000000000000e+04
2.609000000000000000e+04
2.609100000000000000e+04
2.609200000000000000e+04
2.609300000000000000e+04
2.609400000000000000e+04
2.609500000000000000e+04
2.609600000000000000e+04
2.609700000000000000e+04
2.609800000000000000e+04
2.609900000000000000e+04
2.610000000000000000e+04
2.610100000000000000e+04
2.610200000000000000e+04
2.610300000000000000e+04
2.610400000000000000e+04
2.610500000000000000e+04
2.610600000000000000e+04
2.610700000000000000e+04
2.610800000000000000e+04
2.610900000000000000e+04
2.632100000000000000e+04
2.632200000000000000e+04
2.632300000000000000e+04
2.632400000000000000e+04
2.632500000000000000e+04
2.632600000000000000e+04
2.632700000000000000e+04
2.632800000000000000e+04
2.632900000000000000e+04
2.633000000000000000e+04
2.633100000000000000e+04
2.633200000000000000e+04
2.633300000000000000e+04
2.633400000000000000e+04
2.633500000000000000e+04
2.633600000000000000e+04
2.633700000000000000e+04
2.633800000000000000e+04
2.633900000000000000e+04
2.634000000000000000e+04
2.634100000000000000e+04
2.634200000000000000e+04
2.634300000000000000e+04
2.634400000000000000e+04
2.634500000000000000e+04
2.634600000000000000e+04
2.634700000000000000e+04
2.635900000000000000e+04
2.636100000000000000e+04
2.661300000000000000e+04
2.661400000000000000e+04
2.661500000000000000e+04
2.661600000000000000e+04
2.661700000000000000e+04
2.661800000000000000e+04
2.661900000000000000e+04
2.662000000000000000e+04
2.662100000000000000e+04
2.662200000000000000e+04
2.662300000000000000e+04
2.662400000000000000e+04
2.662500000000000000e+04
2.662600000000000000e+04
2.681700000000000000e+04
2.681800000000000000e+04
2.681900000000000000e+04
2.682000000000000000e+04
2.682100000000000000e+04
2.682200000000000000e+04
2.682300000000000000e+04
2.682400000000000000e+04
2.682500000000000000e+04
2.682600000000000000e+04
2.682700000000000000e+04
2.682800000000000000e+04
2.682900000000000000e+04
2.683000000000000000e+04
2.683100000000000000e+04
2.683200000000000000e+04
2.683300000000000000e+04
2.684200000000000000e+04
2.694300000000000000e+04
2.694600000000000000e+04
2.694700000000000000e+04
2.694800000000000000e+04
2.694900000000000000e+04
2.695000000000000000e+04
2.695100000000000000e+04
2.695200000000000000e+04
2.695300000000000000e+04
2.695400000000000000e+04
2.695500000000000000e+04
2.695600000000000000e+04
2.695700000000000000e+04
2.695800000000000000e+04
2.695900000000000000e+04
2.696000000000000000e+04
2.711500000000000000e+04
2.711600000000000000e+04
2.728300000000000000e+04
2.728400000000000000e+04
2.728500000000000000e+04
2.728600000000000000e+04
2.728700000000000000e+04
2.728800000000000000e+04
2.728900000000000000e+04
2.729000000000000000e+04
2.729100000000000000e+04
2.729200000000000000e+04
2.729300000000000000e+04
2.729400000000000000e+04
2.729500000000000000e+04
2.745600000000000000e+04
2.745700000000000000e+04
2.745800000000000000e+04
2.745900000000000000e+04
2.746400000000000000e+04
2.746500000000000000e+04
2.746600000000000000e+04
2.746700000000000000e+04
2.746800000000000000e+04
2.746900000000000000e+04
2.747000000000000000e+04
2.747100000000000000e+04
2.747200000000000000e+04
2.747300000000000000e+04
2.747400000000000000e+04
2.747500000000000000e+04
2.747600000000000000e+04
2.747700000000000000e+04
2.747800000000000000e+04
2.747900000000000000e+04
2.748000000000000000e+04
2.748100000000000000e+04
2.748200000000000000e+04
2.748300000000000000e+04
2.748400000000000000e+04
2.748500000000000000e+04
2.748600000000000000e+04
2.748700000000000000e+04
2.748800000000000000e+04
2.748900000000000000e+04
2.749000000000000000e+04
2.749100000000000000e+04
2.756500000000000000e+04
2.756600000000000000e+04
2.756700000000000000e+04
2.756800000000000000e+04
2.756900000000000000e+04
2.757000000000000000e+04
2.757100000000000000e+04
2.762600000000000000e+04
2.767300000000000000e+04
2.767400000000000000e+04
2.767500000000000000e+04
2.767600000000000000e+04
2.767700000000000000e+04
2.767800000000000000e+04
2.767900000000000000e+04
2.768000000000000000e+04
2.768800000000000000e+04
2.768900000000000000e+04
2.769200000000000000e+04
2.769300000000000000e+04
2.785900000000000000e+04
2.786000000000000000e+04
2.790100000000000000e+04
2.790200000000000000e+04
2.790300000000000000e+04
2.790400000000000000e+04
2.790500000000000000e+04
2.790600000000000000e+04
2.790700000000000000e+04
2.790800000000000000e+04
2.790900000000000000e+04
2.791000000000000000e+04
2.791100000000000000e+04
2.791200000000000000e+04
2.791300000000000000e+04
2.791400000000000000e+04
2.791500000000000000e+04
2.791600000000000000e+04
2.798400000000000000e+04
2.798500000000000000e+04
2.798600000000000000e+04
2.798700000000000000e+04
2.798800000000000000e+04
2.798900000000000000e+04
2.799000000000000000e+04
2.799100000000000000e+04
2.799200000000000000e+04
2.813300000000000000e+04
2.813400000000000000e+04
2.813500000000000000e+04
2.813600000000000000e+04
2.813700000000000000e+04
2.813800000000000000e+04
2.813900000000000000e+04
2.814000000000000000e+04
2.819200000000000000e+04
2.819300000000000000e+04
2.819400000000000000e+04
2.820200000000000000e+04
2.820300000000000000e+04
2.820400000000000000e+04
2.820500000000000000e+04
2.820600000000000000e+04
2.820700000000000000e+04
2.820800000000000000e+04
2.820900000000000000e+04
2.843600000000000000e+04
2.843700000000000000e+04
2.843800000000000000e+04
2.843900000000000000e+04
2.844000000000000000e+04
2.844100000000000000e+04
2.844200000000000000e+04
2.844300000000000000e+04
2.847400000000000000e+04
2.847500000000000000e+04
2.861200000000000000e+04
2.861300000000000000e+04
2.861400000000000000e+04
2.861500000000000000e+04
2.861600000000000000e+04
2.861700000000000000e+04
2.861800000000000000e+04
2.861900000000000000e+04
2.862000000000000000e+04
2.862500000000000000e+04
2.865200000000000000e+04
2.865300000000000000e+04
2.865400000000000000e+04
2.865500000000000000e+04
2.885400000000000000e+04
2.887800000000000000e+04
2.887900000000000000e+04
2.888000000000000000e+04
2.888100000000000000e+04
2.888200000000000000e+04
2.888300000000000000e+04
2.888400000000000000e+04
2.890000000000000000e+04
2.890100000000000000e+04
2.890200000000000000e+04
2.890300000000000000e+04
2.890400000000000000e+04
2.893700000000000000e+04
2.893800000000000000e+04
2.899300000000000000e+04
2.899400000000000000e+04
2.899500000000000000e+04
2.899600000000000000e+04
2.920400000000000000e+04
2.920500000000000000e+04
2.920600000000000000e+04
2.920700000000000000e+04
2.921000000000000000e+04
2.949600000000000000e+04
2.949700000000000000e+04
2.949800000000000000e+04
2.949900000000000000e+04
2.950000000000000000e+04
2.950100000000000000e+04
2.950200000000000000e+04
2.952800000000000000e+04
2.952900000000000000e+04
2.953000000000000000e+04
2.953100000000000000e+04
2.953200000000000000e+04
2.953300000000000000e+04
2.953400000000000000e+04
2.953500000000000000e+04
2.953600000000000000e+04
2.953700000000000000e+04
2.953800000000000000e+04
2.953900000000000000e+04
2.954000000000000000e+04
2.954100000000000000e+04
2.954200000000000000e+04
2.954300000000000000e+04
2.954400000000000000e+04
2.954500000000000000e+04
2.957900000000000000e+04
2.958000000000000000e+04
2.958100000000000000e+04
2.958200000000000000e+04
2.958300000000000000e+04
2.958400000000000000e+04
2.958500000000000000e+04
2.958600000000000000e+04
2.958700000000000000e+04
2.969600000000000000e+04
2.969700000000000000e+04
2.983500000000000000e+04
2.983600000000000000e+04
3.017500000000000000e+04
3.018200000000000000e+04
3.018300000000000000e+04
3.018400000000000000e+04
3.018500000000000000e+04
3.018600000000000000e+04
3.018700000000000000e+04
3.018800000000000000e+04
3.018900000000000000e+04
3.019000000000000000e+04
3.019100000000000000e+04
3.019200000000000000e+04
3.031000000000000000e+04
3.031100000000000000e+04
3.031200000000000000e+04
3.031300000000000000e+04
3.031400000000000000e+04
3.031500000000000000e+04
3.031600000000000000e+04
3.031700000000000000e+04
3.031800000000000000e+04
3.031900000000000000e+04
3.032000000000000000e+04
3.032100000000000000e+04
3.032200000000000000e+04
3.032300000000000000e+04
3.032400000000000000e+04
3.032500000000000000e+04
3.032600000000000000e+04
3.032700000000000000e+04
3.032800000000000000e+04
3.032900000000000000e+04
3.033000000000000000e+04
3.033100000000000000e+04
3.033200000000000000e+04
3.033300000000000000e+04
3.033400000000000000e+04
3.033500000000000000e+04
3.033600000000000000e+04
3.033700000000000000e+04
3.033800000000000000e+04
3.033900000000000000e+04
3.034000000000000000e+04
3.034100000000000000e+04
3.034200000000000000e+04
3.034300000000000000e+04
3.034400000000000000e+04
3.034500000000000000e+04
3.034600000000000000e+04
3.045800000000000000e+04
3.046700000000000000e+04
3.046800000000000000e+04
3.046900000000000000e+04
3.047000000000000000e+04
3.047100000000000000e+04
3.059700000000000000e+04
3.079900000000000000e+04
3.080000000000000000e+04
3.080100000000000000e+04
3.080200000000000000e+04
3.080300000000000000e+04
3.080400000000000000e+04
3.080500000000000000e+04
3.080600000000000000e+04
3.080700000000000000e+04
3.080800000000000000e+04
3.080900000000000000e+04
3.081000000000000000e+04
3.081100000000000000e+04
3.081200000000000000e+04
3.081300000000000000e+04
3.081400000000000000e+04
3.081500000000000000e+04
3.081600000000000000e+04
3.081700000000000000e+04
3.107200000000000000e+04
3.107300000000000000e+04
3.107400000000000000e+04
3.107500000000000000e+04
3.120400000000000000e+04
3.120500000000000000e+04
3.140200000000000000e+04
3.140300000000000000e+04
3.140400000000000000e+04
3.140500000000000000e+04
3.140600000000000000e+04
3.140700000000000000e+04
3.142400000000000000e+04
3.142500000000000000e+04
3.142600000000000000e+04
3.142700000000000000e+04
3.142800000000000000e+04
3.142900000000000000e+04
3.143000000000000000e+04
3.143100000000000000e+04
3.144900000000000000e+04
3.145000000000000000e+04
3.145100000000000000e+04
3.166300000000000000e+04
3.166400000000000000e+04
3.166500000000000000e+04
3.166600000000000000e+04
3.166700000000000000e+04
3.166800000000000000e+04
3.222400000000000000e+04
3.222500000000000000e+04
3.222600000000000000e+04
3.222700000000000000e+04
3.222800000000000000e+04
3.222900000000000000e+04
3.223000000000000000e+04
3.223100000000000000e+04
3.223200000000000000e+04
3.231000000000000000e+04
3.231100000000000000e+04
3.231200000000000000e+04
3.231300000000000000e+04
3.231400000000000000e+04
3.231500000000000000e+04
3.231600000000000000e+04
3.231700000000000000e+04
3.231800000000000000e+04
3.233000000000000000e+04
3.233100000000000000e+04
3.233200000000000000e+04
3.233300000000000000e+04
3.233400000000000000e+04
3.233500000000000000e+04
3.233600000000000000e+04
3.233700000000000000e+04
3.233800000000000000e+04
3.233900000000000000e+04
3.234000000000000000e+04
3.234100000000000000e+04
3.234200000000000000e+04
3.234300000000000000e+04
3.234400000000000000e+04
3.234500000000000000e+04
3.234600000000000000e+04
3.234700000000000000e+04
3.234800000000000000e+04
3.234900000000000000e+04
3.235000000000000000e+04
3.235100000000000000e+04
3.235200000000000000e+04
3.249300000000000000e+04
3.249400000000000000e+04
3.318900000000000000e+04
3.328400000000000000e+04
3.328500000000000000e+04
3.328600000000000000e+04
3.328700000000000000e+04
3.328800000000000000e+04
3.328900000000000000e+04
3.329000000000000000e+04
3.329100000000000000e+04
3.329200000000000000e+04
3.329300000000000000e+04
3.329400000000000000e+04
3.329900000000000000e+04
3.330000000000000000e+04
3.330100000000000000e+04
3.347700000000000000e+04
3.347800000000000000e+04
3.347900000000000000e+04
3.348000000000000000e+04
3.348100000000000000e+04
3.348200000000000000e+04
3.360300000000000000e+04
3.360400000000000000e+04
3.360500000000000000e+04
3.360600000000000000e+04
3.360700000000000000e+04
3.360800000000000000e+04
3.360900000000000000e+04
3.361000000000000000e+04
3.363600000000000000e+04
3.363700000000000000e+04
3.364000000000000000e+04
3.364100000000000000e+04
3.364200000000000000e+04
3.364300000000000000e+04
3.364400000000000000e+04
3.364500000000000000e+04
3.381500000000000000e+04
3.381600000000000000e+04
3.381700000000000000e+04
3.381800000000000000e+04
3.437800000000000000e+04
3.437900000000000000e+04
3.438000000000000000e+04
3.438100000000000000e+04
3.460400000000000000e+04
3.460500000000000000e+04
3.460600000000000000e+04
3.460700000000000000e+04
3.460800000000000000e+04
3.460900000000000000e+04
3.461000000000000000e+04
3.461100000000000000e+04
3.461200000000000000e+04
3.461300000000000000e+04
3.461400000000000000e+04
3.461500000000000000e+04
3.461600000000000000e+04
3.461700000000000000e+04
3.461800000000000000e+04
3.461900000000000000e+04
3.462000000000000000e+04
3.462100000000000000e+04
3.462200000000000000e+04
3.462300000000000000e+04
3.462400000000000000e+04
3.462500000000000000e+04
3.462600000000000000e+04
3.462700000000000000e+04
3.462800000000000000e+04
3.462900000000000000e+04
3.463000000000000000e+04
3.463100000000000000e+04
3.463200000000000000e+04
3.463300000000000000e+04
3.464600000000000000e+04
3.464700000000000000e+04
3.464800000000000000e+04
3.464900000000000000e+04
3.465000000000000000e+04
3.465100000000000000e+04
3.465200000000000000e+04
3.465300000000000000e+04
3.465400000000000000e+04
3.465500000000000000e+04
3.465600000000000000e+04
3.465700000000000000e+04
3.465800000000000000e+04
3.465900000000000000e+04
3.466000000000000000e+04
3.466100000000000000e+04
3.466200000000000000e+04
3.466300000000000000e+04
3.466400000000000000e+04
3.466500000000000000e+04
3.466600000000000000e+04
3.466700000000000000e+04
3.466800000000000000e+04
3.466900000000000000e+04
3.467000000000000000e+04
3.467100000000000000e+04
3.467200000000000000e+04
3.467300000000000000e+04
3.467400000000000000e+04
3.467500000000000000e+04
3.467600000000000000e+04
3.467700000000000000e+04
3.467800000000000000e+04
3.467900000000000000e+04
3.468000000000000000e+04
3.468100000000000000e+04
3.468200000000000000e+04
3.468300000000000000e+04
3.468400000000000000e+04
3.468500000000000000e+04
3.468600000000000000e+04
3.468700000000000000e+04
3.468800000000000000e+04
3.468900000000000000e+04
3.469000000000000000e+04
3.469100000000000000e+04
3.469200000000000000e+04
3.469300000000000000e+04
3.501200000000000000e+04
3.501300000000000000e+04
3.501400000000000000e+04
3.501500000000000000e+04
3.501600000000000000e+04
3.534500000000000000e+04
3.534600000000000000e+04
3.541600000000000000e+04
3.541700000000000000e+04
3.541800000000000000e+04
3.541900000000000000e+04
3.542000000000000000e+04
3.542100000000000000e+04
3.542200000000000000e+04
3.542300000000000000e+04
3.542400000000000000e+04
3.542500000000000000e+04
3.542600000000000000e+04
3.542700000000000000e+04
3.542800000000000000e+04
3.595000000000000000e+04
3.595100000000000000e+04
3.595200000000000000e+04
3.595300000000000000e+04
3.595400000000000000e+04
3.595500000000000000e+04
3.595600000000000000e+04
3.595700000000000000e+04
3.595800000000000000e+04
3.595900000000000000e+04
3.596000000000000000e+04
3.596100000000000000e+04
3.628900000000000000e+04
3.629000000000000000e+04
3.668300000000000000e+04
3.668400000000000000e+04
3.668500000000000000e+04
3.668600000000000000e+04
3.668700000000000000e+04
3.668800000000000000e+04
3.669200000000000000e+04
3.669300000000000000e+04
3.669400000000000000e+04
3.669500000000000000e+04
3.669600000000000000e+04
3.669700000000000000e+04
3.669800000000000000e+04
3.669900000000000000e+04
3.670000000000000000e+04
3.670100000000000000e+04
3.683600000000000000e+04
3.683700000000000000e+04
3.683800000000000000e+04
3.683900000000000000e+04
3.684000000000000000e+04
3.684100000000000000e+04
3.684200000000000000e+04
3.684300000000000000e+04
3.684400000000000000e+04
3.686500000000000000e+04
3.692600000000000000e+04
3.692700000000000000e+04
3.692800000000000000e+04
3.714300000000000000e+04
3.717300000000000000e+04
3.717400000000000000e+04
3.717500000000000000e+04
3.717600000000000000e+04
3.717700000000000000e+04
3.717800000000000000e+04
3.717900000000000000e+04
3.718000000000000000e+04
3.718100000000000000e+04
3.718200000000000000e+04
3.718300000000000000e+04
3.718400000000000000e+04
3.718500000000000000e+04
3.732200000000000000e+04
3.766500000000000000e+04
3.766600000000000000e+04
3.766700000000000000e+04
3.766800000000000000e+04
3.766900000000000000e+04
3.767000000000000000e+04
3.767100000000000000e+04
3.797000000000000000e+04
3.797100000000000000e+04
3.797200000000000000e+04
3.797300000000000000e+04
3.797400000000000000e+04
3.797500000000000000e+04
3.797600000000000000e+04
3.797700000000000000e+04
3.797800000000000000e+04
3.797900000000000000e+04
3.812600000000000000e+04
3.812700000000000000e+04
3.812800000000000000e+04
3.812900000000000000e+04
3.813000000000000000e+04
3.813100000000000000e+04
3.856300000000000000e+04
3.856400000000000000e+04
3.856500000000000000e+04
3.856600000000000000e+04
3.856700000000000000e+04
3.856800000000000000e+04
3.856900000000000000e+04
3.862700000000000000e+04
3.862800000000000000e+04
3.862900000000000000e+04
3.863000000000000000e+04
3.863100000000000000e+04
3.864300000000000000e+04
3.864400000000000000e+04
3.871700000000000000e+04
3.871800000000000000e+04
3.871900000000000000e+04
3.872000000000000000e+04
3.872100000000000000e+04
3.873500000000000000e+04
3.873600000000000000e+04
3.873700000000000000e+04
3.873800000000000000e+04
3.873900000000000000e+04
3.874000000000000000e+04
3.874100000000000000e+04
3.874200000000000000e+04
3.894100000000000000e+04
3.894200000000000000e+04
3.894300000000000000e+04
3.894400000000000000e+04
3.894500000000000000e+04
3.894600000000000000e+04
3.894700000000000000e+04
3.894800000000000000e+04
3.894900000000000000e+04
3.895000000000000000e+04
3.895100000000000000e+04
3.895200000000000000e+04
3.895300000000000000e+04
3.900600000000000000e+04
3.900700000000000000e+04
3.900800000000000000e+04
3.900900000000000000e+04
3.901000000000000000e+04
3.901100000000000000e+04
3.901200000000000000e+04
3.901300000000000000e+04
3.901400000000000000e+04
3.901500000000000000e+04
3.901600000000000000e+04
3.901700000000000000e+04
3.907700000000000000e+04
3.916300000000000000e+04
3.916400000000000000e+04
3.916500000000000000e+04
3.916600000000000000e+04
3.916700000000000000e+04
3.916800000000000000e+04
3.916900000000000000e+04
3.917000000000000000e+04
3.917100000000000000e+04
3.962300000000000000e+04
3.962400000000000000e+04
3.962500000000000000e+04
3.962600000000000000e+04
3.962700000000000000e+04
3.972700000000000000e+04
3.972800000000000000e+04
3.972900000000000000e+04
3.973000000000000000e+04
3.973100000000000000e+04
3.973200000000000000e+04
3.973300000000000000e+04
3.973400000000000000e+04
3.973500000000000000e+04
3.973600000000000000e+04
3.973700000000000000e+04
3.973800000000000000e+04
3.986200000000000000e+04
3.986300000000000000e+04
3.995900000000000000e+04
3.996000000000000000e+04
3.996100000000000000e+04
3.996200000000000000e+04
3.996300000000000000e+04
3.996400000000000000e+04
3.996500000000000000e+04
3.996600000000000000e+04
3.996700000000000000e+04
4.007100000000000000e+04
4.007200000000000000e+04
4.007300000000000000e+04
4.007400000000000000e+04
4.007500000000000000e+04
4.007600000000000000e+04
4.007700000000000000e+04
4.007800000000000000e+04
4.007900000000000000e+04
4.008000000000000000e+04
4.019000000000000000e+04
4.019100000000000000e+04
4.019200000000000000e+04
4.019300000000000000e+04
4.019400000000000000e+04
4.019500000000000000e+04
4.019600000000000000e+04
4.019700000000000000e+04
4.019800000000000000e+04
4.019900000000000000e+04
4.020000000000000000e+04
4.020100000000000000e+04
4.020200000000000000e+04
4.027600000000000000e+04
4.040800000000000000e+04
4.048700000000000000e+04
4.048800000000000000e+04
4.048900000000000000e+04
4.055300000000000000e+04
4.055400000000000000e+04
4.055500000000000000e+04
4.055600000000000000e+04
4.055700000000000000e+04
4.055800000000000000e+04
4.062700000000000000e+04
4.065000000000000000e+04
4.065100000000000000e+04
4.065200000000000000e+04
4.065300000000000000e+04
6.750000000000000000e+04
1.078990000000000000e+05
1.079040000000000000e+05
1.079050000000000000e+05
1.079060000000000000e+05
1.079070000000000000e+05
1.079110000000000000e+05
1.079270000000000000e+05
1.079490000000000000e+05
1.079540000000000000e+05
1.079580000000000000e+05
1.079610000000000000e+05
1.079630000000000000e+05
1.079690000000000000e+05
1.079730000000000000e+05
1.079740000000000000e+05
1.079880000000000000e+05
1.079950000000000000e+05
1.079970000000000000e+05
1.080090000000000000e+05
1.080100000000000000e+05
1.080170000000000000e+05
1.080220000000000000e+05
1.080230000000000000e+05
1.080250000000000000e+05
1.080360000000000000e+05
1.080430000000000000e+05
1.080450000000000000e+05
1.080510000000000000e+05
1.080560000000000000e+05
1.080590000000000000e+05
1.080630000000000000e+05
1.080670000000000000e+05
1.080730000000000000e+05
1.080810000000000000e+05
1.080820000000000000e+05
1.080840000000000000e+05
1.080900000000000000e+05
1.080920000000000000e+05
1.080990000000000000e+05
1.081040000000000000e+05
1.081080000000000000e+05
1.081150000000000000e+05
1.081190000000000000e+05
1.081210000000000000e+05
1.081760000000000000e+05
1.081770000000000000e+05
1.081780000000000000e+05
1.081790000000000000e+05
1.081800000000000000e+05
1.082190000000000000e+05
1.082200000000000000e+05
1.084180000000000000e+05
1.085320000000000000e+05
1.085400000000000000e+05
1.085410000000000000e+05
1.085460000000000000e+05
1.087500000000000000e+05
1.087550000000000000e+05
1.087590000000000000e+05
1.087600000000000000e+05
1.087610000000000000e+05
1.088090000000000000e+05
1.088930000000000000e+05
1.088950000000000000e+05
1.088970000000000000e+05
1.088980000000000000e+05
1.089020000000000000e+05
1.089040000000000000e+05
1.089060000000000000e+05
1.089070000000000000e+05
1.089080000000000000e+05
1.089090000000000000e+05
1.089110000000000000e+05
1.089120000000000000e+05
1.089140000000000000e+05
1.089160000000000000e+05
1.089190000000000000e+05
1.089290000000000000e+05
1.089320000000000000e+05
1.089330000000000000e+05
1.089350000000000000e+05
1.089360000000000000e+05
1.089380000000000000e+05
1.089390000000000000e+05
1.089670000000000000e+05
1.089680000000000000e+05
1.089700000000000000e+05
1.089710000000000000e+05
1.089730000000000000e+05
1.089740000000000000e+05
1.089750000000000000e+05
1.089770000000000000e+05
1.089780000000000000e+05
1.089790000000000000e+05
1.089800000000000000e+05
1.089810000000000000e+05
1.089830000000000000e+05
1.089840000000000000e+05
1.089850000000000000e+05
1.089860000000000000e+05
1.089870000000000000e+05
1.089880000000000000e+05
1.089890000000000000e+05
1.095920000000000000e+05
1.096070000000000000e+05
1.096080000000000000e+05
1.096090000000000000e+05
1.096110000000000000e+05
1.096120000000000000e+05
1.096130000000000000e+05
1.096150000000000000e+05
1.096160000000000000e+05
1.096180000000000000e+05
1.096230000000000000e+05
1.096240000000000000e+05
1.096250000000000000e+05
1.096260000000000000e+05
1.096270000000000000e+05
1.096310000000000000e+05
1.096330000000000000e+05
1.096340000000000000e+05
1.096350000000000000e+05
1.096360000000000000e+05
1.096370000000000000e+05
1.096400000000000000e+05
1.096480000000000000e+05
1.096520000000000000e+05
1.096580000000000000e+05
1.096600000000000000e+05
1.096610000000000000e+05
1.096630000000000000e+05
1.096670000000000000e+05
1.096680000000000000e+05
1.098130000000000000e+05
1.098250000000000000e+05
