1.305679244878622924e+01,2.196883117941222263e+00,1.974134302118090822e+00,1.854779576819891140e+00,1.809542496010296819e+00,1.769272042615586127e+00,2.610979454411705536e+00,3.381394666413282568e+00,3.278446718441847096e+00,2.115775051875199964e+01,7.853215545555681132e+00,3.691821209741881660e+01
1.425614939646232671e+01,1.792459774240874326e+00,1.962558381139310137e+00,1.893186890520021759e+00,1.822325644221727048e+00,1.748968754794077096e+00,3.268525949083837645e+00,7.830505598675215673e+00,1.411787605057920025e+01,2.161640338929081295e+01,8.736421716070704946e+00,5.402826952987299336e+01
6.098779052208884721e-01,7.444568320672204087e-02,3.858534336195088704e-02,3.639487837400928044e-02,3.424300992594125209e-02,3.120091123177765047e-02,3.556224505895930893e-02,4.616839084125472920e-02,6.679018743539855141e-02,3.631928565135518761e-01,1.729797319249837817e-01,4.012247389717238932e-01
2.390683293730365122e+01,4.617770018732839432e+00,1.573953220197988001e+00,1.096367497696354887e+00,1.016016629980629693e+00,9.027406251300057471e-01,1.081027891235009530e+00,3.527016996007132921e+00,3.386523981581712750e+00,1.690997637188693048e+01,5.719557588744735632e+00,1.174366352471636077e+01
2.608618907614645011e+01,6.229104969701039884e+00,2.729514658040604225e+00,1.687261501264522234e+00,1.529393364083483808e+00,1.322140608156627373e+00,1.581637396844576937e+00,3.901250934778631052e+00,5.880164794214139512e+00,3.282768667302656240e+01,8.342794000395645782e+00,1.621223720604799468e+01
2.443829238662868164e+01,9.444892329879102988e+00,4.705407559432088327e+00,1.167044472098350605e+00,1.048719254724681527e+00,1.120658853106200725e+00,1.773353944860398768e+00,7.152633818954229561e+00,6.396190059892834512e+00,2.764183780777453947e+01,8.874892024010419433e+00,1.059270940007269246e+01
6.888751266910022153e+00,3.636554908303586853e+00,3.180379863846698907e+00,2.658728631334577930e+00,2.634199378271801173e+00,2.385863148836590231e+00,2.652025868448105506e+00,3.187035549623275177e+00,4.650412350612213253e+00,2.857610453742524115e+01,5.922799501839373093e+00,2.255669728811901109e+01
9.506640707216005737e+00,1.367488323649781679e+00,1.503067067307801485e+00,1.449013727691241371e+00,1.393439939563202001e+00,1.209198253234274656e+00,1.532713673661348253e+00,2.552263644331388637e+00,6.479154423686392050e+00,1.834766352797759126e+01,6.762412414638993674e+00,3.837444517243647368e+01
6.809992691987730495e+00,9.153641935530126839e-01,4.854694556703499364e-01,4.617334986190373414e-01,4.413719565458027461e-01,3.875705500611903997e-01,5.454219918451126414e-01,1.297074343669678553e+00,9.272321971568402432e-01,6.165227030195128854e+00,1.774414089176332032e+00,5.076164787580624171e+00
2.333638151511163628e+01,5.661869450122770431e+00,2.236375676109394917e+00,1.818580018489568850e+00,1.682097180626579869e+00,1.447779188070243528e+00,1.696108829622595016e+00,5.674018326708094584e+00,5.997497969641440108e+00,3.394338168751838936e+01,6.729333433972278122e+00,1.987959191143933069e+01
1.019008345357794276e+01,2.012817008311860167e+00,2.131558259086683726e+00,1.600762924092821837e+00,1.395458317852578789e+00,1.119512433222495051e+00,1.361013759275898183e+00,1.744043163504451988e+00,3.328525995858014230e+00,4.715864717662334726e+01,5.819798034850506951e+00,7.861299449655227534e+00
2.703976532252133325e+01,5.798742690507323161e+00,3.657555703178048123e+00,1.250024378813803239e+00,1.102755576074123445e+00,1.110747818980366119e+00,1.812615093141794365e+00,4.475957720406353424e+00,5.699794259198011304e+00,2.975913212275504804e+01,1.048838924169540299e+01,1.167590639093518412e+01
6.888751266910022153e+00,3.636554908303586853e+00,3.180379863846698907e+00,2.658728631334577930e+00,2.634199378271801173e+00,2.385863148836590231e+00,2.652025868448105506e+00,3.187035549623275177e+00,4.650412350612213253e+00,2.857610453742524115e+01,5.922799501839373093e+00,2.255669728811901109e+01
9.506640707216005737e+00,1.367488323649781679e+00,1.503067067307801485e+00,1.449013727691241371e+00,1.393439939563202001e+00,1.209198253234274656e+00,1.532713673661348253e+00,2.552263644331388637e+00,6.479154423686392050e+00,1.834766352797759126e+01,6.762412414638993674e+00,3.837444517243647368e+01
0.000000000000000000e+00,0.000000000000000000e+00,0.000000000000000000e+00,0.000000000000000000e+00,0.000000000000000000e+00,0.000000000000000000e+00,0.000000000000000000e+00,0.000000000000000000e+00,0.000000000000000000e+00,0.000000000000000000e+00,0.000000000000000000e+00,0.000000000000000000e+00
2.286832956301544684e+01,1.917230545484975623e+00,2.760806436812254017e+00,1.212932678049988722e+00,1.164607651695759527e+00,1.040127784633027241e+00,1.981824289706956455e+00,5.966035116149466688e+00,7.878621852418296712e+00,1.434417637382843580e+01,4.474666621700310820e+00,1.713587752520464491e+01
6.809992691987730495e+00,9.153641935530126839e-01,4.854694556703499364e-01,4.617334986190373414e-01,4.413719565458027461e-01,3.875705500611903997e-01,5.454219918451126414e-01,1.297074343669678553e+00,9.272321971568402432e-01,6.165227030195128854e+00,1.774414089176332032e+00,5.076164787580624171e+00
2.333638151511163628e+01,5.661869450122770431e+00,2.236375676109394917e+00,1.818580018489568850e+00,1.682097180626579869e+00,1.447779188070243528e+00,1.696108829622595016e+00,5.674018326708094584e+00,5.997497969641440108e+00,3.394338168751838936e+01,6.729333433972278122e+00,1.987959191143933069e+01
1.019008345357794276e+01,2.012817008311860167e+00,2.131558259086683726e+00,1.600762924092821837e+00,1.395458317852578789e+00,1.119512433222495051e+00,1.361013759275898183e+00,1.744043163504451988e+00,3.328525995858014230e+00,4.715864717662334726e+01,5.819798034850506951e+00,7.861299449655227534e+00
2.703976532252133325e+01,5.798742690507323161e+00,3.657555703178048123e+00,1.250024378813803239e+00,1.102755576074123445e+00,1.110747818980366119e+00,1.812615093141794365e+00,4.475957720406353424e+00,5.699794259198011304e+00,2.975913212275504804e+01,1.048838924169540299e+01,1.167590639093518412e+01
5.437477987690981784e+00,2.531972160403622940e+00,2.769125467383658723e+00,2.661139332329374607e+00,2.644018926355959476e+00,2.371000926658052954e+00,2.658648664766348091e+00,2.954066009650036406e+00,3.082864380786231262e+00,3.305365341285110503e+01,5.041962377752446045e+00,1.698259060398424936e+01
9.737810671657964434e+00,1.759192313169808841e+00,1.931701393784698073e+00,1.861682377777406749e+00,1.807275247231923121e+00,1.601661296333339424e+00,1.956366984920696606e+00,6.328777369221851856e+00,6.181410408388992472e+00,2.331715102395278905e+01,8.001474515466643567e+00,4.906267951003258787e+01
2.324759249835366859e+00,1.474073084914694354e-01,1.581934313333690223e-01,1.462012884797868895e-01,1.419048286246234469e-01,1.374175585122453247e-01,2.990185395455023376e-01,4.779888471339314715e-01,4.264532168333030615e-01,1.265246020339304112e+00,6.865619752606464399e-01,2.505855483754312107e+00
2.547672112043453296e+01,6.055086319895458757e+00,2.318552987265495524e+00,1.174246415683111833e+00,1.125808220045613650e+00,1.037359942575334815e+00,5.512906334357595028e+00,9.292226246190766759e+00,5.641901341161636552e+00,1.170167083834902044e+01,4.809262992978825757e+00,1.967407691566895522e+01
2.538498199390064158e+01,4.856162133006988846e+00,3.435314302630168459e+00,1.643696365871725629e+00,1.604959160362234627e+00,1.382016619572141947e+00,3.506913256811155843e+00,7.912779592810062823e+00,4.717691547671530650e+00,2.390905517804015190e+01,6.495930882440496212e+00,2.151261459318275371e+01
9.769463883993214637e+00,2.239679291764274272e+00,2.606559135658665927e+00,1.679803505307063904e+00,1.543838554533198737e+00,1.222877318056300178e+00,1.443646927068010122e+00,2.043404823837802198e+00,2.353138456722721816e+00,4.428944512331485583e+01,4.737435524608940796e+00,1.611924394562653973e+01
5.143536979071794413e+00,1.549012203015387001e+00,1.884132699437439662e+00,1.705527444384992375e+00,1.429974405184387898e+00,1.121410988286137833e+00,1.345243023142218552e+00,1.804077623181044920e+00,2.260629280373454897e+00,4.962452967786789060e+01,5.129582672387361875e+00,6.491833186149596813e+00
2.318312263828515896e+01,5.141363093562423714e+00,3.617081004746257822e+00,1.676155514299869420e+00,1.130864168517291324e+00,1.031582583010196785e+00,1.474841517463326701e+00,4.717246089719235869e+00,4.103172020137310305e+00,3.016137125897407856e+01,1.073627889180183459e+01,1.238893297232687551e+01
4.124385986328125142e+00,3.111685836374759262e+00,3.419261503100396116e+00,3.188372861683368420e+00,3.234672709882259412e+00,2.980868425905704111e+00,3.216104022443294408e+00,3.365140491008758783e+00,3.416801654875278871e+00,3.046067585396766830e+01,3.798950072467327299e+00,6.058373022675515251e+00
7.133945081534679211e+00,2.187919107796720386e+00,2.396879419602173655e+00,2.307969523077128216e+00,2.287123341649923258e+00,2.050280708616242897e+00,2.556389213638596392e+00,3.622963517107157472e+00,5.816939765149633068e+00,2.276912060551039119e+01,7.935869928377473848e+00,4.279735937116283395e+01
6.715772021605768138e+00,4.531786910768997867e-01,3.395949861162220751e-01,3.230702493453229684e-01,3.080838878716181672e-01,3.047262497795346636e-01,4.810235371122034698e-01,8.117718731329345294e-01,9.832672575505029267e-01,2.760728972437363371e+00,1.619938154947339060e+00,6.502369087640706091e+00
4.274528646059729198e+01,8.711251327284365686e+00,1.721836547328623679e+00,1.255969454937803986e+00,1.182143707315791881e+00,1.062523156278063485e+00,1.920701342372435505e+00,1.543211368223872526e+01,8.982966850578389284e+00,1.225708966633485453e+01,4.977938643114507400e+00,2.866763326031646386e+01
2.362157517005391583e+01,2.738378991657351325e+00,3.141071163522814125e+00,1.359622236229231618e+00,1.255742288131657336e+00,1.074413552149626305e+00,2.221267551896673353e+00,1.544239050172213190e+01,5.118384623656177190e+00,2.672535390163076841e+01,5.801487890059720876e+00,2.889627935149384186e+01
1.134235956867155437e+01,2.496857021828240430e+00,1.764336934863065975e+00,1.693003982197842427e+00,1.567445493732229966e+00,1.249427941293397737e+00,1.519861187596805552e+00,3.939427769563219162e+00,3.263112598379957152e+00,3.969320988859609400e+01,5.634071645865566857e+00,2.520881391543930050e+01
3.408155846536158773e+00,1.655121630728244808e+00,1.592162176907062632e+00,1.529200234115123624e+00,1.330942723155021490e+00,1.041830257743596944e+00,1.260177331805229173e+00,1.825294594049453822e+00,2.095157073825597571e+00,4.938129013252258659e+01,4.767189208269119405e+00,4.228764574706554313e+00
1.795050935968756534e+01,4.750962575063110371e+00,2.521725777529180146e+00,1.420469290941953622e+00,1.276743105798959776e+00,1.227353210717439858e+00,1.737199596308171889e+00,3.954913714975118566e+00,6.714869503878057699e+00,3.400677111053467172e+01,9.744648524582386173e+00,1.103026063485443409e+01
4.003901428883052560e+00,3.091719072336771124e+00,3.372089009919668534e+00,3.236667594255389524e+00,3.292539910342820342e+00,3.056845736377562517e+00,3.318465359131158809e+00,3.502590766839828618e+00,3.516258047280751864e+00,2.719469685607345255e+01,4.180869439246880148e+00,8.920668527267162418e+00
6.923212005111103906e+00,2.148443732146338547e+00,2.355547305398455471e+00,2.269151034058546568e+00,2.234346305837125790e+00,1.989502932363569787e+00,2.634987311536614918e+00,5.451260108683321448e+00,6.044673318534497852e+00,2.761283566181631244e+01,7.179462728598140941e+00,4.396224497429218303e+01
2.051002058358018854e+00,1.050598721203717251e-01,2.747164427372005835e-01,1.044662350465387912e-01,9.919935511438397746e-02,8.925174612585187739e-02,1.108097348041870156e-01,1.331877576327583634e-01,2.232914623665171738e-01,1.121836889317784358e+00,5.421757345884519186e-01,1.675508398395193943e+00
3.997624349540278388e+01,7.315401979687959688e+00,1.519944388601967455e+00,1.340352941897553052e+00,1.259271149679432433e+00,1.153420740982313397e+00,4.632559527816676237e+00,1.232779526143128024e+01,7.557887974793277230e+00,1.336547709794134242e+01,4.469983328035913139e+00,2.549356225682579336e+01
2.320519261449054582e+01,1.577052612467610748e+00,1.445912325678713639e+00,1.395726947867922840e+00,1.263746448576988923e+00,1.096387463390682049e+00,2.703864736863092588e+00,1.220234082143740473e+01,5.752064655030816098e+00,2.714412679743581336e+01,5.538655899305974906e+00,2.808044963073394840e+01
1.478453729463802446e+01,1.857133570333695527e+00,2.711861922825322235e+00,1.582428674305148775e+00,1.435690269535450980e+00,1.196214331147318788e+00,1.676083192488396545e+00,6.636622783251761248e+00,5.178797076173243141e+00,3.293732127614062932e+01,7.582384073562919546e+00,3.735939235147211690e+01
7.623267571687699196e+00,1.487276941120624585e+00,1.931658270478248562e+00,1.526126340895890943e+00,1.324817269086837612e+00,1.075779297381639354e+00,1.313569996953010799e+00,2.661911462694406705e+00,3.882842758059501964e+00,4.563014415931701961e+01,5.195032094120978883e+00,9.495124076187609674e+00
2.034421613446622956e+01,4.831055565305055310e+00,3.747300982020794979e+00,1.522098534613847809e+00,1.376150230064988378e+00,1.373912170633673657e+00,2.009096934683621161e+00,4.074982589006424405e+00,6.050727566592394524e+00,3.507007816076279028e+01,1.080458418023586553e+01,1.183800506222248217e+01
4.773244229368021507e+00,2.722105562851830030e+00,2.994361915603679591e+00,2.857076871256882811e+00,2.870270644658463155e+00,2.646360247816875955e+00,2.893960168053279602e+00,3.046983156230868239e+00,3.221944137282247489e+00,2.809717907320791142e+01,4.457029904856273816e+00,1.246293376010410903e+01
1.089411218116367408e+01,2.150580577062559673e+00,2.398280636690585776e+00,2.246875837855027758e+00,2.207802878416734949e+00,1.981087529072113051e+00,2.603714820268541175e+00,3.223262356724979849e+00,8.875331777076805650e+00,2.281802163574227649e+01,8.184616173354141822e+00,4.338061035557400658e+01
1.934046107247501034e+00,2.049570255589550916e-01,1.421381328452736015e-01,1.314022684314900269e-01,1.306147960309614608e-01,1.337825434369496469e-01,2.330089099038138434e-01,3.153528858547896552e-01,4.057454050894710451e-01,1.705996873796138624e+00,5.149844051103075193e-01,1.530773489228933526e+00
2.746818851508446357e+01,3.616525631328108226e+00,1.315710191396861406e+00,1.266050145391802051e+00,1.170881231891713226e+00,1.042585636266985638e+00,2.375245567479740139e+00,1.015481211795400718e+01,6.644046876294341430e+00,1.923250340007660597e+01,6.480222714226729686e+00,3.083774750756398220e+01
2.018435776244946922e+01,1.462762681757070693e+00,2.289285971895426819e+00,1.523860255290244714e+00,1.388992093066146349e+00,1.161581949219616883e+00,1.771932752123306587e+00,6.687315798603462369e+00,5.168162200413239482e+00,3.117007732897228323e+01,6.763232930211904304e+00,2.994929659938995314e+01
1.613170256319455831e+01,1.552433453663252250e+00,1.714151079279370160e+00,1.654621798443607794e+00,1.467948108798824425e+00,1.203590412405319610e+00,1.453027698773890597e+00,3.982919080906548004e+00,2.435932362500578208e+00,4.138192799802124000e+01,7.565071183355525974e+00,1.944805653497576969e+01
2.544797935590147731e+01,7.770044019110499356e+00,5.978318423479795030e+00,3.049822286427020579e+00,1.445895965002477412e+00,1.596624035589396806e+00,2.623965970277787108e+00,6.254691858142614080e+00,6.987331647038459437e+00,2.929005543327331296e+01,1.220372423827648234e+01,1.394184368832409326e+01
1.934046107247501034e+00,2.049570255589550916e-01,1.421381328452736015e-01,1.314022684314900269e-01,1.306147960309614608e-01,1.337825434369496469e-01,2.330089099038138434e-01,3.153528858547896552e-01,4.057454050894710451e-01,1.705996873796138624e+00,5.149844051103075193e-01,1.530773489228933526e+00
4.400281656639580774e+01,6.637429481477897575e+00,1.117672152204038927e+00,1.073431782630096532e+00,1.010854520647623822e+00,9.543046283866842838e-01,2.240256137949920845e+00,1.682865121750259618e+01,1.105063116562621772e+01,9.145938664591437117e+00,5.303624381037952418e+00,2.596492604691264106e+01
2.746818851508446357e+01,3.616525631328108226e+00,1.315710191396861406e+00,1.266050145391802051e+00,1.170881231891713226e+00,1.042585636266985638e+00,2.375245567479740139e+00,1.015481211795400718e+01,6.644046876294341430e+00,1.923250340007660597e+01,6.480222714226729686e+00,3.083774750756398220e+01
2.018435776244946922e+01,1.462762681757070693e+00,2.289285971895426819e+00,1.523860255290244714e+00,1.388992093066146349e+00,1.161581949219616883e+00,1.771932752123306587e+00,6.687315798603462369e+00,5.168162200413239482e+00,3.117007732897228323e+01,6.763232930211904304e+00,2.994929659938995314e+01
1.613170256319455831e+01,1.552433453663252250e+00,1.714151079279370160e+00,1.654621798443607794e+00,1.467948108798824425e+00,1.203590412405319610e+00,1.453027698773890597e+00,3.982919080906548004e+00,2.435932362500578208e+00,4.138192799802124000e+01,7.565071183355525974e+00,1.944805653497576969e+01
2.544797935590147731e+01,7.770044019110499356e+00,5.978318423479795030e+00,3.049822286427020579e+00,1.445895965002477412e+00,1.596624035589396806e+00,2.623965970277787108e+00,6.254691858142614080e+00,6.987331647038459437e+00,2.929005543327331296e+01,1.220372423827648234e+01,1.394184368832409326e+01
6.290269083711120146e+00,2.100279426548318007e+00,2.301496241704234169e+00,2.215915103559637167e+00,2.174867807738472880e+00,1.953586985338297000e+00,2.354681266618376956e+00,2.845494706787845995e+00,3.372742549665921352e+00,2.437047931073921347e+01,7.547747703765067762e+00,3.913857462527440134e+01
1.036446038005942150e+01,1.514606005803144306e+00,1.663038143002739666e+00,1.603248326868246476e+00,1.551691408665786698e+00,1.378496654479539396e+00,2.038971453096513287e+00,2.746312288641293176e+00,7.366611979408030919e+00,1.916941460478892267e+01,6.121420691069854314e+00,3.449646373864995041e+01
1.121958013187589920e+01,2.592253377577348417e+00,2.587092694787012537e+00,9.509496611065141325e-01,9.566009023255777066e-01,1.009257126699628859e+00,1.478857954238063099e+00,2.583844334009146149e+00,3.269744698321228604e+00,1.085954976757539825e+01,3.773458498590147148e+00,1.344966831006812136e+01
1.699273389390681643e+01,2.694956744202520849e+00,1.349920877096186134e+00,1.213509648903447591e+00,1.170772539337730178e+00,1.087451738198845996e+00,1.486209460179244601e+00,2.181102064905234172e+00,5.439636280079863440e+00,2.321098743877465864e+01,4.591590159645854818e+00,1.498831011889880038e+01
3.454004275847652394e+01,1.844108983688103054e+00,1.354398478997089539e+00,1.306885065946726376e+00,1.232744828118132352e+00,1.089091484829562084e+00,1.685094469217851110e+00,7.415867305886058247e+00,9.020957994428338012e+00,1.603505769932710834e+01,7.107921792718236098e+00,2.708950294072750253e+01
3.258674545356488039e+01,1.853482381341795104e+00,1.427160729723988553e+00,1.377730418379599531e+00,1.264022514639051797e+00,1.080790260435604777e+00,2.709355007380839897e+00,5.965191465722975650e+00,8.651030445778326694e+00,2.382774484413272020e+01,7.108539869859582971e+00,2.701968278807145651e+01
2.848337189048339368e+01,1.903742500169290253e+00,1.490481658656906960e+00,1.438890476983622380e+00,1.315583848985086401e+00,1.126713711222779191e+00,3.020813488193758278e+00,4.555823843002595019e+00,4.527030012708623374e+00,2.855542883875617122e+01,7.104532325337407528e+00,2.767265546923115238e+01
1.714844424779617427e+01,2.395635324213027939e+00,1.692910963201284202e+00,1.632027322947076753e+00,1.466191947370462323e+00,1.212660889386548924e+00,2.111541202581531884e+00,3.235237873602396785e+00,2.410974105953442415e+00,3.727512628700280573e+01,7.752488794585924659e+00,2.043393266231502281e+01
2.176648688660561959e+01,5.146464201420545947e+00,4.135117132559418707e+00,1.617962176755070258e+00,1.477745416022836711e+00,1.412512704446912126e+00,2.220010367400944151e+00,5.140569233953953265e+00,4.508696422547101790e+00,3.283102376604080774e+01,1.251626534789800615e+01,1.517725542272627415e+01
1.125772115459730927e+01,1.865876967094782124e+00,2.570150869120971127e+00,1.972497126278501156e+00,1.914179676607593583e+00,1.704384668518429846e+00,2.579852390610027246e+00,5.455428862427330827e+00,5.957965921901818618e+00,2.212816385963769505e+01,8.324311179741570754e+00,4.899989520555519107e+01
1.520530838131856122e+01,1.458970554728412861e+00,1.606496801495440607e+00,1.549771116908276625e+00,1.472288604387159694e+00,1.272181447889689121e+00,1.905408512315870828e+00,6.406533364227588123e+00,6.597493869405186118e+00,2.433046172927474160e+01,6.884880535247918765e+00,3.858992558552063201e+01
1.212010005539152502e+01,1.749191608416701849e+00,1.905992953175621230e+00,1.822349047305388492e+00,1.734397374052567109e+00,1.469832424200440801e+00,1.692229028731840001e+00,2.634618671029336667e+00,5.465079969516913216e+00,2.984447655466703964e+01,7.389025562186112062e+00,3.559909295175392430e+01
9.857875366074761558e+00,1.939135945337038924e+00,2.909934376344740059e+00,1.761225469326359594e+00,1.678304444826715924e+00,1.337589358925221017e+00,1.554918920953879402e+00,2.504635438809727166e+00,2.233675627768392236e+00,4.059704105102426297e+01,5.001602770156914346e+00,1.897410719740516782e+01
2.560182138603792623e+01,1.463776107518329539e+00,5.936821875558552897e+00,1.317341546654075435e+00,1.235253458106205571e+00,1.058620790643893361e+00,1.371716320333593808e+00,4.114577279197988879e+00,6.013141219580607988e+00,1.888922744713448409e+01,8.642009581298051302e+00,3.856134613498138464e+01
2.518444167519812638e+01,1.364823289330524547e+00,1.506920546695110552e+00,1.455116214671495545e+00,1.326240956480253752e+00,1.113311848695583750e+00,2.315181310467777642e+00,5.945323656344499774e+00,6.351098526738534922e+00,2.889552185365114667e+01,6.804008013674053501e+00,2.800887315979744585e+01
1.823728426386570334e+01,2.296200393547231045e+00,1.565669474430614549e+00,1.509911449023377150e+00,1.351095528539648427e+00,1.113787178860846216e+00,2.190543631560227578e+00,4.998336527712176292e+00,2.946253890845240253e+00,3.628394815788883676e+01,5.745628486046232553e+00,2.101782036743712112e+01
1.947523011054801501e+01,2.733568666418630055e+00,2.607749292546068354e+00,1.641433188268448085e+00,1.461946094116404415e+00,1.245507370665076330e+00,2.291041899393040815e+00,3.367875667026204223e+00,2.982687580895495127e+00,3.495931330935046333e+01,8.281758684437564355e+00,2.297728076713096357e+01
2.583079798404872207e+01,9.002543761283160251e+00,5.011078523218631453e+00,1.489231915824115182e+00,1.346225781209766881e+00,1.314908662803470962e+00,2.060494730524718765e+00,8.130438743695616921e+00,4.435826760262250090e+00,2.704420081543922194e+01,1.271430528444051689e+01,1.804769969922303829e+01
9.040844513800735172e+00,2.248475231428910703e+00,2.416029854355606687e+00,2.281330090185052839e+00,2.199601876372651255e+00,1.949205021086089396e+00,2.195027707476726153e+00,3.513405325332978446e+00,8.015055336282365772e+00,2.636379593912597841e+01,7.928308733663683050e+00,4.099792827020619512e+01
5.887077907199357973e+00,1.793846276664698314e+00,2.572310238661221771e+00,1.882323051677475823e+00,1.827463426359363652e+00,1.460542529057423655e+00,1.671210937756746118e+00,2.445393802808308426e+00,2.862381441822069217e+00,4.213909871449925504e+01,4.398983903302668530e+00,1.697153254883403051e+01
2.825885636944323487e+00,1.976155914813978676e+00,2.237323045411322209e+00,2.090636424735770493e+00,2.019630018682510908e+00,1.667571233861846913e+00,1.892940179821045232e+00,2.128668206268397256e+00,2.260521723268029248e+00,4.736750761249660968e+01,2.539696213397837354e+00,4.310193799743662346e+00
4.640399998500368994e+00,1.943075006659739756e+00,2.531774536890964100e+00,1.853836544398301145e+00,1.796670507378439252e+00,1.428307802363899759e+00,1.631198977350232893e+00,1.830645992514539744e+00,2.423219764366989715e+00,4.432580383473486307e+01,3.517629208668699548e+00,1.117454288036175569e+01
2.712023841899475585e+01,1.402924506878429955e+00,1.549506943792645419e+00,1.496399354236896295e+00,1.401882522750738325e+00,1.161153751470783924e+00,3.092546958032140303e+00,2.434293441515492429e+00,2.971446505137789629e+00,2.159291369010022876e+01,1.140456322148332902e+01,5.002544538925630491e+01
1.695636268277451109e+01,1.378020503727769963e+00,1.522128797121578669e+00,1.470079468150870428e+00,1.350169359531755431e+00,1.104100021670084919e+00,2.465481391275468059e+00,4.246253107603756405e+00,5.184048310887403588e+00,2.926090592659217648e+01,7.775223939351874058e+00,3.889593270647564083e+01
8.140360422712749511e+00,1.505620301920454374e+00,1.663157936393283576e+00,1.606306243454105775e+00,1.437687965085729935e+00,1.126379292556550338e+00,1.347139387640636565e+00,2.502777293944264958e+00,2.870974880073219104e+00,4.652670876801014543e+01,4.175224026559852142e+00,1.643055197293031355e+01
1.061100292993691419e+01,2.181399369177533742e+00,1.760265452561551536e+00,1.698817184364830757e+00,1.523027864044842916e+00,1.251280929684607690e+00,2.334244805438259629e+00,2.939141566158526508e+00,2.834296574701907545e+00,4.281776838437172472e+01,6.080176805425957731e+00,1.187747413901040971e+01
3.546003403089847694e+01,9.386630718168804677e+00,5.417081993189641231e+00,1.896199902791529501e+00,1.313804146369919268e+00,1.333902477437630463e+00,2.163599590182304411e+00,5.445846815112976635e+00,7.383132331379688829e+00,2.255636333407461436e+01,1.280474754638597545e+01,1.880401092862151557e+01
4.840356946217108103e+00,2.803552699899201084e+00,2.087012678248162612e+00,1.732380587571735298e+00,1.674955560357494821e+00,1.385856122051988271e+00,1.605613141072983252e+00,2.854010895127741865e+00,4.141225094469453083e+00,3.150692167837502922e+01,7.343262707462446137e+00,3.843633573914162582e+01
3.170424147620286792e+00,2.607295462831709099e+00,2.819825842642710079e+00,2.707158537771178874e+00,2.716098038528460101e+00,2.402353427263884900e+00,2.629763419597688667e+00,2.825383821088691683e+00,2.890735486167124169e+00,3.830693886794485081e+01,3.069750472722526879e+00,4.242068223456793241e+00
2.463217312693596117e+00,2.179266886115073909e+00,2.368302394419908641e+00,2.277433215498924746e+00,2.262098355948924500e+00,1.901787860184907863e+00,2.109369724929332612e+00,2.279077620923518843e+00,2.359063557654619281e+00,4.347049366569519435e+01,2.423046882182359862e+00,2.721757446318864293e+00
2.031976914435625226e+00,1.761971896722912545e+00,1.913529486283659597e+00,1.844709268078208231e+00,1.801252346903085666e+00,1.390752520069479914e+00,1.582907971784472290e+00,1.780239211603999117e+00,1.867131408795714487e+00,4.938539985084533868e+01,1.984843490406871025e+00,2.537709162086248860e+00
1.198344214025912180e+01,1.340616733117201864e+00,1.478765020684617459e+00,1.427150575959483803e+00,1.360366835874027069e+00,1.099575899676846991e+00,2.487215541850882339e+00,4.767282634885331660e+00,3.591364839803507181e+00,2.733856040335975379e+01,6.783422599387697538e+00,3.679119657840064406e+01
1.190726139723622978e+01,1.411088654140126852e+00,1.558192623870578553e+00,1.504893919570648109e+00,1.395257229808819721e+00,1.109882344838449830e+00,2.567672466916090190e+00,4.980329146471122570e+00,3.431984914570610279e+00,3.387338510562107530e+01,6.267418263574087156e+00,3.210034236621381609e+01
4.568533919822424849e+00,1.532322530233301450e+00,1.692132901787757993e+00,1.634401752473786384e+00,1.476951101650484155e+00,1.133266217323951164e+00,1.368075278989970611e+00,2.220911694623529886e+00,2.095799855366349718e+00,5.067675297629833153e+01,2.790902118468656656e+00,8.024011857042086859e+00
1.841643843621120524e+01,4.090391604403738945e+00,1.574992807908500492e+00,1.518209298277365393e+00,1.349588696745409822e+00,1.132362668592173049e+00,2.443978225493846690e+00,5.242996351611740380e+00,3.044612619232081929e+00,3.879406266726339680e+01,6.830681465262627761e+00,1.429959321009506823e+01
4.840356946217108103e+00,2.803552699899201084e+00,2.087012678248162612e+00,1.732380587571735298e+00,1.674955560357494821e+00,1.385856122051988271e+00,1.605613141072983252e+00,2.854010895127741865e+00,4.141225094469453083e+00,3.150692167837502922e+01,7.343262707462446137e+00,3.843633573914162582e+01
3.170424147620286792e+00,2.607295462831709099e+00,2.819825842642710079e+00,2.707158537771178874e+00,2.716098038528460101e+00,2.402353427263884900e+00,2.629763419597688667e+00,2.825383821088691683e+00,2.890735486167124169e+00,3.830693886794485081e+01,3.069750472722526879e+00,4.242068223456793241e+00
2.463217312693596117e+00,2.179266886115073909e+00,2.368302394419908641e+00,2.277433215498924746e+00,2.262098355948924500e+00,1.901787860184907863e+00,2.109369724929332612e+00,2.279077620923518843e+00,2.359063557654619281e+00,4.347049366569519435e+01,2.423046882182359862e+00,2.721757446318864293e+00
2.031976914435625226e+00,1.761971896722912545e+00,1.913529486283659597e+00,1.844709268078208231e+00,1.801252346903085666e+00,1.390752520069479914e+00,1.582907971784472290e+00,1.780239211603999117e+00,1.867131408795714487e+00,4.938539985084533868e+01,1.984843490406871025e+00,2.537709162086248860e+00
1.190726139723622978e+01,1.411088654140126852e+00,1.558192623870578553e+00,1.504893919570648109e+00,1.395257229808819721e+00,1.109882344838449830e+00,2.567672466916090190e+00,4.980329146471122570e+00,3.431984914570610279e+00,3.387338510562107530e+01,6.267418263574087156e+00,3.210034236621381609e+01
4.568533919822424849e+00,1.532322530233301450e+00,1.692132901787757993e+00,1.634401752473786384e+00,1.476951101650484155e+00,1.133266217323951164e+00,1.368075278989970611e+00,2.220911694623529886e+00,2.095799855366349718e+00,5.067675297629833153e+01,2.790902118468656656e+00,8.024011857042086859e+00
1.841643843621120524e+01,4.090391604403738945e+00,1.574992807908500492e+00,1.518209298277365393e+00,1.349588696745409822e+00,1.132362668592173049e+00,2.443978225493846690e+00,5.242996351611740380e+00,3.044612619232081929e+00,3.879406266726339680e+01,6.830681465262627761e+00,1.429959321009506823e+01
2.668056919929666648e+00,2.298843067341229673e+00,2.515828812934632897e+00,2.416199118468859375e+00,2.434431514653653927e+00,2.126248971828827106e+00,2.344795823202184604e+00,3.058140260286002388e+00,3.200907897980214578e+00,3.555744508008985605e+01,3.989420752841448259e+00,1.302975031667212846e+01
3.437681585580110610e+00,2.226136629074812578e+00,2.437313046067952627e+00,2.343777387291193559e+00,2.344341626107692367e+00,2.027368930637836630e+00,2.231408774495124980e+00,2.836538725852966625e+00,2.820468780905008632e+00,3.696015183544157878e+01,3.282754345506429416e+00,8.227899381399153000e+00
4.951150954141166238e+00,1.716128714880750028e+00,1.884590183153111775e+00,1.816325798654579549e+00,1.776480757706161429e+00,1.481557853651636947e+00,1.981973774309258918e+00,2.793654868210222464e+00,2.763830287937168784e+00,3.570203745132527473e+01,3.203037513537488223e+00,1.162336373696653169e+01
2.321551222789720370e+01,3.478615173497495938e+00,1.353604963311424658e+00,1.303444336599999920e+00,1.258065933943638415e+00,1.024549717729084763e+00,2.508052056760015081e+00,5.344430486966728289e+00,5.921786285365743474e+00,2.422729889428576300e+01,5.939527574967495838e+00,2.814930896345358136e+01
2.541647261691960225e+01,3.163601309578513820e+00,1.330558680471274347e+00,1.281962955906640333e+00,1.197646579251433918e+00,9.914586389022951307e-01,2.403659337234695492e+00,6.650632454618711442e+00,6.276756155477673182e+00,2.604189893715219029e+01,5.710066149552954329e+00,2.109581492488795362e+01
2.133012656827957443e+01,4.464658794524624774e+00,1.949542153088729801e+00,1.295911221749979081e+00,1.175862679093344632e+00,9.941471898789853157e-01,3.115282485188194173e+00,7.092204886207722048e+00,3.998220535433760325e+00,2.901403922655492806e+01,5.815435385810827640e+00,1.807851748814810122e+01
1.814029281457106535e+01,3.820995902164733504e+00,3.388555519687956430e+00,1.388238822721284516e+00,1.247018916913139597e+00,1.085779656493189416e+00,3.085528604385540330e+00,4.351051400141079384e+00,4.699171302809306283e+00,3.295565050182216993e+01,6.529149881879580342e+00,1.099756572596713511e+01
9.508265079328493741e+00,1.288302739263647023e+00,3.093202032717480510e+00,1.337937994845028289e+00,1.297280894780127314e+00,1.130716187530834249e+00,1.306318877698657399e+00,2.819979017385126241e+00,6.014115397091656767e+00,1.523280596083617233e+01,7.002266491964785011e+00,4.068870174946277984e+01
9.171847182773024798e+00,1.259979430612152340e+00,1.387959787570365977e+00,1.338841253548198162e+00,1.286610048711618548e+00,1.074770245641266664e+00,1.240534428458307081e+00,3.098236169059305656e+00,5.522654866797418016e+00,2.151693113088228415e+01,6.425170923129930323e+00,3.605128752892014887e+01
7.640839551675123076e+00,1.362957126582792888e+00,1.503962757673243056e+00,1.451841572791545465e+00,1.357638331961182221e+00,1.115283009515310564e+00,2.755722085189784121e+00,4.065697084728861377e+00,4.726615384628992445e+00,3.056209667550314180e+01,6.670381012860572945e+00,4.004078902201299428e+01
8.009456410466299303e+00,1.295059534699466885e+00,1.429135561057526260e+00,1.379961936285908575e+00,1.306502953014075041e+00,1.024732948076751304e+00,2.134231290029944272e+00,3.374349029520876453e+00,4.252607332658471684e+00,3.216644057713565275e+01,4.673713531553731038e+00,2.479691673987677447e+01
7.678808111000341441e+00,1.381618585345451677e+00,1.524364765124861076e+00,1.472041289633954753e+00,1.383053231047116638e+00,1.084868683730485062e+00,1.943339843250927013e+00,2.939296026983763355e+00,3.821020014647161123e+00,3.677725545262172346e+01,4.118350553555764293e+00,1.959095698325928936e+01
9.883927260986906660e+00,1.513799861590582330e+00,1.541937879966906566e+00,1.489135486200873881e+00,1.390078944364955271e+00,1.073282151795050599e+00,1.532575624795150526e+00,2.789889973574841697e+00,3.861779388624475562e+00,4.106923380154488257e+01,3.258894888673079304e+00,1.160873698336775028e+01
4.215778998503897590e+00,2.648934373573341272e+00,2.328156664865790315e+00,1.905005048416031022e+00,1.669853400454448966e+00,1.376514630435587305e+00,1.581701938443234923e+00,1.756282090112305072e+00,2.332216897725127414e+00,3.487068867044941811e+01,5.469784601238556476e+00,2.466722994798922386e+01
4.025051843466468604e+00,1.869521799213427871e+00,2.037483629229304150e+00,1.947034625128900798e+00,1.912306154601625341e+00,1.583822391363792104e+00,1.781844422170019149e+00,1.958578738300478683e+00,3.320375826177536016e+00,3.624694812324572979e+01,4.815562666159880045e+00,2.119487920987937812e+01
4.180234296664594673e+00,1.510500999938929167e+00,1.664694842234021310e+00,1.605657816180959374e+00,1.565808712478494069e+00,1.207973783920053279e+00,1.380768679736880777e+00,3.521165661171311800e+00,2.167645025723147878e+00,3.931036497171595556e+01,3.824778184926835856e+00,1.898818943428457828e+01
5.745983777041312912e+00,1.425732404337031856e+00,1.570218089302768849e+00,1.514458055964903682e+00,1.480759497008286241e+00,1.174521454549161570e+00,1.514574311370495696e+00,3.659771255015861424e+00,4.165370835923823734e+00,3.279488284058869141e+01,3.826491156167816765e+00,2.108242371602286269e+01
9.889076227844689981e+00,1.500480403576803123e+00,1.650238490906602129e+00,1.591525306867959788e+00,1.567679525441548538e+00,1.280184916695114250e+00,2.122914257686643769e+00,4.029826870786782145e+00,3.933788766380340807e+00,3.084617971093441469e+01,3.482793745000962282e+00,1.461403021872619767e+01
1.282664916228285712e+01,2.926949694232331645e+00,1.750388849440576378e+00,1.686342735030798901e+00,1.660797961956756108e+00,1.413242093304355018e+00,4.477380532209040531e+00,3.879231645835417908e+00,4.252607051688148232e+00,2.698221426067182804e+01,4.049195596587638057e+00,1.478073929597174541e+01
2.452454291401295450e+01,5.864040782490283377e+00,1.378150464440047518e+00,1.326017697760218939e+00,1.266798009912078582e+00,1.084951356089623120e+00,6.633847810302860637e+00,5.253441963691265926e+00,5.884734223031296452e+00,2.140641997732058144e+01,5.463924568939568793e+00,1.970739883571707907e+01
3.226259955345537112e+00,2.723576165465404930e+00,2.206491106250148437e+00,2.110210539169144361e+00,2.067464223677582869e+00,1.751509794866899172e+00,1.977384167599840703e+00,2.176507747943454696e+00,2.669670217925799172e+00,3.580784722641716655e+01,5.670860051183728601e+00,2.390775042122445271e+01
3.594505345730227397e+00,2.067637890772661802e+00,1.980475856455159223e+00,1.897863470452022527e+00,1.939366609060205082e+00,1.709451166892365981e+00,1.949082893958722806e+00,3.273605950232304718e+00,4.019770078800151580e+00,3.072027854507951616e+01,4.942621125805774618e+00,2.390304308091348062e+01
4.897620936896651678e+00,1.801592351946979420e+00,1.978515416551381412e+00,1.904762943584471957e+00,1.893318804945796741e+00,1.558483255891129238e+00,1.729712658677250436e+00,1.899755197338759638e+00,3.080588948395102999e+00,3.572315904608369408e+01,4.204873229645192723e+00,1.787777521457149987e+01
7.653117914408396949e+00,1.802330980447543141e+00,1.978110753667457589e+00,1.904926394906513831e+00,1.876334291551069677e+00,1.594401363700119090e+00,1.830870819895255686e+00,3.980640593787331483e+00,3.631233302983574163e+00,3.276790717046731061e+01,3.769791094830437395e+00,1.512137708069907305e+01
1.245436677197293562e+01,2.727589373562537389e+00,1.913503055912805229e+00,1.843733479880757642e+00,1.833812338302442946e+00,1.569511428742708770e+00,2.836990743496784262e+00,2.551417488452665694e+00,5.139708110401160823e+00,3.112282793068036213e+01,3.702911109311661342e+00,1.482732860030407984e+01
2.045527396106395912e+01,2.963845961138853902e+00,1.716304351851095422e+00,1.414473350894745352e+00,1.363795864465642493e+00,1.139233537699829935e+00,3.612605998834209409e+00,5.904977778066309746e+00,4.420657804091512766e+00,2.832230644250413576e+01,4.246905407698704948e+00,1.407108522911519799e+01
3.226259955345537112e+00,2.723576165465404930e+00,2.206491106250148437e+00,2.110210539169144361e+00,2.067464223677582869e+00,1.751509794866899172e+00,1.977384167599840703e+00,2.176507747943454696e+00,2.669670217925799172e+00,3.580784722641716655e+01,5.670860051183728601e+00,2.390775042122445271e+01
3.594505345730227397e+00,2.067637890772661802e+00,1.980475856455159223e+00,1.897863470452022527e+00,1.939366609060205082e+00,1.709451166892365981e+00,1.949082893958722806e+00,3.273605950232304718e+00,4.019770078800151580e+00,3.072027854507951616e+01,4.942621125805774618e+00,2.390304308091348062e+01
4.897620936896651678e+00,1.801592351946979420e+00,1.978515416551381412e+00,1.904762943584471957e+00,1.893318804945796741e+00,1.558483255891129238e+00,1.729712658677250436e+00,1.899755197338759638e+00,3.080588948395102999e+00,3.572315904608369408e+01,4.204873229645192723e+00,1.787777521457149987e+01
7.653117914408396949e+00,1.802330980447543141e+00,1.978110753667457589e+00,1.904926394906513831e+00,1.876334291551069677e+00,1.594401363700119090e+00,1.830870819895255686e+00,3.980640593787331483e+00,3.631233302983574163e+00,3.276790717046731061e+01,3.769791094830437395e+00,1.512137708069907305e+01
1.245436677197293562e+01,2.727589373562537389e+00,1.913503055912805229e+00,1.843733479880757642e+00,1.833812338302442946e+00,1.569511428742708770e+00,2.836990743496784262e+00,2.551417488452665694e+00,5.139708110401160823e+00,3.112282793068036213e+01,3.702911109311661342e+00,1.482732860030407984e+01
1.765859577510073208e+01,4.634881588839448341e+00,1.915887314681413045e+00,1.848274214735871501e+00,1.830198604226043635e+00,1.587051004037324686e+00,3.137493408682802798e+00,4.368326042727042058e+00,6.276856140774337511e+00,2.743015837888651376e+01,4.277288109617865430e+00,1.424183119965020694e+01
2.045527396106395912e+01,2.963845961138853902e+00,1.716304351851095422e+00,1.414473350894745352e+00,1.363795864465642493e+00,1.139233537699829935e+00,3.612605998834209409e+00,5.904977778066309746e+00,4.420657804091512766e+00,2.832230644250413576e+01,4.246905407698704948e+00,1.407108522911519799e+01
