7.586532755643962567e+00,6.843208617316493658e+00,7.565782310940114108e+00,7.311056827649041523e+00,7.584090213768005739e+00,7.393149567050467219e+00,7.634298045145788691e+00,7.627069208034315650e+00,7.374265016424958574e+00,7.612945741508696074e+00,7.359888192111567307e+00,7.596452744556819958e+00
9.110986446899831392e+00,8.218547140239465421e+00,9.086570270230135193e+00,8.780951054538155276e+00,9.101473291168954205e+00,8.874966203348376936e+00,9.165429849280959829e+00,9.157337169676232236e+00,8.854301770281335138e+00,9.141359520064542110e+00,8.837992122127277028e+00,9.122553709358442120e+00
1.389271500340588938e-01,1.253163178408763512e-01,1.385504218650368824e-01,1.338980677578596457e-01,1.390682545136572024e-01,1.354225581495164255e-01,1.398153707705293569e-01,1.396787561254223264e-01,1.350438408774304322e-01,1.394101744760140038e-01,1.347745415262815438e-01,1.391076427666532167e-01
6.472324221471469130e+00,5.837632738618309780e+00,6.453619549037900249e+00,6.236088572238946526e+00,6.476203421639166180e+00,6.318221599502957808e+00,6.522251599687253432e+00,6.514214382205801179e+00,6.296463042273698463e+00,6.498423880882779002e+00,6.280905457906111877e+00,6.481638885491460833e+00
1.324465529686475840e+01,1.194489996943346100e+01,1.320452203590121343e+01,1.275878705671855329e+01,1.325906972875151624e+01,1.294508675406878950e+01,1.336100633422394246e+01,1.334176449466892933e+01,1.289311121438599450e+01,1.330395847697588252e+01,1.285628532523620926e+01,1.326521385256089758e+01
9.056338273227213520e+00,8.167454606115818194e+00,9.028643373399972916e+00,8.726444126009942792e+00,9.102954771012067070e+00,8.856119935274122668e+00,9.138272781729698480e+00,9.124673583328723581e+00,8.817383414536713815e+00,9.097876355409622917e+00,8.791312982082367000e+00,9.070608611047269676e+00
1.666882405362338559e+01,1.503726790817366599e+01,1.662643565697968739e+01,1.606792847300616600e+01,1.664039867243897319e+01,1.621422874505261191e+01,1.674946866352354746e+01,1.673833884880728462e+01,1.618813568133829506e+01,1.671674829854313415e+01,1.616517456866027302e+01,1.668813067819129614e+01
7.629581704479334370e+00,6.881993174365711674e+00,7.608629105323705843e+00,7.352457821942491201e+00,7.623734448941289266e+00,7.436216580122013475e+00,7.678870302236765255e+00,7.671380715797233130e+00,7.416842607707506474e+00,7.656636565422447305e+00,7.401951589798808406e+00,7.639765599697519782e+00
2.314011433846843158e+00,2.087061939199273741e+00,2.307259416568921306e+00,2.229446645428553531e+00,2.312870039447084025e+00,2.258891282964557767e+00,2.332288601205465106e+00,2.329345900234558009e+00,2.251404226316763069e+00,2.323533801702525992e+00,2.245684147562155619e+00,2.317391232042053328e+00
1.265443741878227257e+01,1.141227381561641074e+01,1.261541350800111694e+01,1.218897006925071302e+01,1.265774083697752417e+01,1.237164940308072403e+01,1.276968378573019969e+01,1.275054003870822150e+01,1.232104826683377752e+01,1.271293093334117152e+01,1.228445776555898661e+01,1.267457692403867497e+01
1.916521992246061856e+01,1.728283127426356103e+01,1.910389925947784917e+01,1.845765742600709203e+01,1.919331487305462502e+01,1.875671165540814656e+01,1.935571697621793064e+01,1.932357463875412407e+01,1.866968536846340498e+01,1.926047915599495397e+01,1.860866383814067149e+01,1.919737216376513089e+01
1.047590784984827117e+01,9.446995326370000612e+00,1.044244115784764304e+01,1.009125786265730973e+01,1.052480735430121328e+01,1.025433513262868068e+01,1.057983095070719770e+01,1.056229730993509541e+01,1.020490680196881250e+01,1.052785760208964305e+01,1.017159519907832177e+01,1.049341424167156411e+01
1.666882405362338559e+01,1.503726790817366599e+01,1.662643565697968739e+01,1.606792847300616600e+01,1.664039867243897319e+01,1.621422874505261191e+01,1.674946866352354746e+01,1.673833884880728462e+01,1.618813568133829506e+01,1.671674829854313415e+01,1.616517456866027302e+01,1.668813067819129614e+01
7.629581704479334370e+00,6.881993174365711674e+00,7.608629105323705843e+00,7.352457821942491201e+00,7.623734448941289266e+00,7.436216580122013475e+00,7.678870302236765255e+00,7.671380715797233130e+00,7.416842607707506474e+00,7.656636565422447305e+00,7.401951589798808406e+00,7.639765599697519782e+00
0.000000000000000000e+00,0.000000000000000000e+00,0.000000000000000000e+00,0.000000000000000000e+00,0.000000000000000000e+00,0.000000000000000000e+00,0.000000000000000000e+00,0.000000000000000000e+00,0.000000000000000000e+00,0.000000000000000000e+00,0.000000000000000000e+00,0.000000000000000000e+00
6.311212161990354730e+00,5.692851219217886616e+00,6.294018048991527614e+00,6.082373713347849709e+00,6.306434739713335347e+00,6.151443905252037325e+00,6.352344441696493149e+00,6.346169537418753670e+00,6.135488108886528735e+00,6.333670642884015933e+00,6.122896470831531879e+00,6.319640635887856739e+00
2.314011433846843158e+00,2.087061939199273741e+00,2.307259416568921306e+00,2.229446645428553531e+00,2.312870039447084025e+00,2.258891282964557767e+00,2.332288601205465106e+00,2.329345900234558009e+00,2.251404226316763069e+00,2.323533801702525992e+00,2.245684147562155619e+00,2.317391232042053328e+00
1.265443741878227257e+01,1.141227381561641074e+01,1.261541350800111694e+01,1.218897006925071302e+01,1.265774083697752417e+01,1.237164940308072403e+01,1.276968378573019969e+01,1.275054003870822150e+01,1.232104826683377752e+01,1.271293093334117152e+01,1.228445776555898661e+01,1.267457692403867497e+01
1.916521992246061856e+01,1.728283127426356103e+01,1.910389925947784917e+01,1.845765742600709203e+01,1.919331487305462502e+01,1.875671165540814656e+01,1.935571697621793064e+01,1.932357463875412407e+01,1.866968536846340498e+01,1.926047915599495397e+01,1.860866383814067149e+01,1.919737216376513089e+01
1.047590784984827117e+01,9.446995326370000612e+00,1.044244115784764304e+01,1.009125786265730973e+01,1.052480735430121328e+01,1.025433513262868068e+01,1.057983095070719770e+01,1.056229730993509541e+01,1.020490680196881250e+01,1.052785760208964305e+01,1.017159519907832177e+01,1.049341424167156411e+01
1.956047543248510223e+01,1.764566313767562633e+01,1.951032792317841214e+01,1.885474327736786293e+01,1.952456487596618828e+01,1.903225969137920259e+01,1.965992196495709265e+01,1.964560164883512172e+01,1.899873125161147769e+01,1.961813963649784753e+01,1.897013974953804905e+01,1.958337323790120621e+01
9.387856114541849095e+00,8.468575273024537609e+00,9.363237677240777046e+00,9.048504812861272839e+00,9.376513647149844033e+00,9.140505726819409205e+00,9.440226229126395197e+00,9.432612990339347192e+00,9.121124426567092769e+00,9.417533378696301583e+00,9.105670336547472488e+00,9.399422585825009335e+00
4.302218419502936708e-01,3.880650930552451694e-01,4.290396729254297714e-01,4.146247644011274991e-01,4.305026817809946560e-01,4.194624196309902353e-01,4.330814829027827551e-01,4.326358991194826920e-01,4.182587728065106925e-01,4.317613000830327064e-01,4.173871253348296895e-01,4.307922121944017801e-01
4.947732695223025168e+00,4.463250332736330428e+00,4.934820538369953269e+00,4.769134654762527070e+00,4.943703251191367443e+00,4.817869180984173383e+00,4.975940917952831555e+00,4.971824466412037680e+00,4.807499463303915199e+00,4.963535326563111028e+00,4.799028070301687876e+00,4.953807001161843360e+00
8.982896079386302191e+00,8.101487340957818972e+00,8.955899796071662422e+00,8.653473422121731318e+00,8.974088998905880743e+00,8.773872374509490868e+00,9.059733859017958579e+00,9.047107459051973777e+00,8.743275689512358895e+00,9.022277790253690810e+00,8.719011419535137364e+00,8.996605242479951414e+00
1.674455235542357201e+01,1.510007827956974502e+01,1.669128753720969272e+01,1.612626720493286925e+01,1.673648180513829331e+01,1.637969304373859813e+01,1.690875213578343761e+01,1.688109904572367626e+01,1.631027843239903774e+01,1.682683739709109005e+01,1.625776178611815226e+01,1.677241524533182471e+01
2.040456956779956954e+01,1.840041197234391745e+01,2.033919961404800603e+01,1.965101301091909036e+01,2.042517226999997959e+01,1.996923828107118837e+01,2.060796745264530117e+01,2.057362831115722912e+01,1.987732960832119034e+01,2.050623186177015356e+01,1.981216253954172046e+01,2.043886287069321028e+01
1.153571411156654314e+01,1.040281953245401247e+01,1.149908519822359310e+01,1.111157786846160889e+01,1.157369367331266474e+01,1.128950015181303002e+01,1.164891160029172745e+01,1.162985518658161155e+01,1.123657810288667669e+01,1.159242005521058694e+01,1.120035724794864684e+01,1.155492691856622933e+01
2.253997191619873419e+01,2.033568325781822139e+01,2.248647400403022800e+01,2.173295433378219599e+01,2.248431708323955647e+01,2.189171060180663630e+01,2.262145642089843633e+01,2.261133659195899881e+01,2.187315267181395839e+01,2.259273948848247215e+01,2.185204506850243078e+01,2.256293383491039606e+01
1.272027636479165302e+01,1.147574901709453776e+01,1.268902932962610919e+01,1.226346348010705434e+01,1.269783831827817266e+01,1.236652035261193916e+01,1.277576603464332550e+01,1.276839218000426612e+01,1.234962746068247696e+01,1.275390020830527327e+01,1.233415385914041629e+01,1.273423015773217060e+01
8.238494940675512579e-01,7.430972779609965606e-01,8.215381044178615699e-01,7.938861902405288662e-01,8.247148158097867832e-01,8.036998009317208869e-01,8.297011282442343649e-01,8.287761353975205969e-01,8.011674038141767262e-01,8.269643475416582623e-01,7.993746884199434133e-01,8.249984027959258448e-01
3.304471384411825419e+00,2.980271954329310802e+00,3.294612588580082324e+00,3.183396728352783089e+00,3.304690827002755960e+00,3.227925239814561920e+00,3.332252416202684753e+00,3.327719221518003589e+00,3.216063931983705437e+00,3.318787856769892297e+00,3.207321665037239811e+00,3.309512454571629902e+00
8.601873159542966718e+00,7.757382507157337237e+00,8.575092454329503511e+00,8.285092987114028418e+00,8.599088655497686418e+00,8.410376547499316402e+00,8.682200175723213675e+00,8.668785238314200114e+00,8.376409242405141953e+00,8.642456903707676830e+00,8.350853467143858566e+00,8.615789361719240702e+00
1.478532793072657547e+01,1.333316787821473959e+01,1.473809652390750102e+01,1.423913639626186445e+01,1.477776552501321028e+01,1.446399284705193544e+01,1.493179878926370385e+01,1.490709659961145306e+01,1.440275453499751102e+01,1.485862845977535507e+01,1.435587649975390967e+01,1.481012225683219974e+01
2.042253512668609616e+01,1.841640511274338010e+01,2.035669297122954902e+01,1.966803118181228172e+01,2.045035084486007193e+01,1.999042592287063158e+01,2.062897596883773943e+01,2.059406229066848937e+01,1.989655195713043412e+01,2.052553401088714580e+01,1.983033637046813880e+01,2.045720403432845913e+01
1.373851293587684630e+01,1.238934868657588950e+01,1.369501395797729337e+01,1.323433544135093598e+01,1.379485628813504938e+01,1.344512947160005645e+01,1.387235374343395122e+01,1.384981629663705682e+01,1.338162150055170230e+01,1.380554790872335325e+01,1.333877526736259433e+01,1.376116212952136841e+01
2.166421149918869915e+01,1.954663145825428927e+01,2.161486193574364023e+01,2.089115229569293319e+01,2.161054219096611106e+01,2.102851943691916503e+01,2.172920436082036488e+01,2.172167287587718931e+01,2.101479165622438927e+01,2.170858359324921238e+01,2.099928897469553135e+01,2.168457917288849401e+01
1.337435553116596765e+01,1.206506820035661498e+01,1.334000824490409798e+01,1.289206963327011657e+01,1.335469645396096716e+01,1.301555331872841315e+01,1.344456696777193017e+01,1.343448540711372274e+01,1.299166348646146574e+01,1.341470635643677767e+01,1.297129102320089444e+01,1.339047038974812409e+01
4.765781316960158165e-01,4.299175843127066576e-01,4.753451323290944774e-01,4.593962936885286896e-01,4.766552011325621563e-01,4.640478667157152959e-01,4.791973649966374538e-01,4.788156459837605849e-01,4.630078117159049933e-01,4.780578758761671043e-01,4.622339899068815816e-01,4.771570674400091860e-01
4.400518656499305514e+00,3.969307343666993670e+00,4.388417305798445689e+00,4.240820756692239790e+00,4.400678346465324964e+00,4.290662010410286165e+00,4.430113748954023656e+00,4.425536812250836505e+00,4.278420597020798688e+00,4.416450022324820424e+00,4.269333345520797351e+00,4.406397279255167554e+00
9.631073500966595091e+00,8.685530380000447082e+00,9.601068151403044482e+00,9.276590461736546445e+00,9.641509144973126055e+00,9.419340721250453186e+00,9.721116114906619643e+00,9.706088122917398309e+00,9.378711210261565512e+00,9.676569338113942820e+00,9.350048818284644625e+00,9.646662168711946705e+00
1.174311043949751365e+01,1.059002045731566533e+01,1.170614145394944394e+01,1.131027191540947996e+01,1.175017095960577862e+01,1.148692594068899275e+01,1.185567658775788935e+01,1.183678880242555209e+01,1.143702090959087947e+01,1.179972925540548445e+01,1.140110859239776708e+01,1.176239945306687318e+01
1.863512444543838242e+01,1.680473395800590453e+01,1.857536372613907005e+01,1.794745820522308222e+01,1.866731985616684142e+01,1.823926384162902892e+01,1.882129691886901313e+01,1.878986871528625713e+01,1.815387311363219780e+01,1.872817318630218608e+01,1.809421773958206359e+01,1.866651862001418394e+01
1.362112771046161797e+01,1.228356374561786524e+01,1.357815310490131289e+01,1.312232679814100145e+01,1.368662486624717545e+01,1.332960054433345753e+01,1.375295328938961070e+01,1.373080024749040895e+01,1.326680914318561300e+01,1.368727904939651552e+01,1.322466638964414720e+01,1.364357916212082067e+01
1.969108198821959377e+01,1.776516118583401749e+01,1.964387914941440627e+01,1.898548688129200102e+01,1.965618861233115311e+01,1.913429065758221270e+01,1.976710638926494923e+01,1.975737493913312193e+01,1.911123434068287352e+01,1.973878928765983432e+01,1.909086682135652779e+01,1.971142583313646668e+01
1.220440281965904461e+01,1.101003981031827728e+01,1.217381786949108680e+01,1.176543381438506763e+01,1.218467141574211077e+01,1.186933875642716707e+01,1.226163290904560377e+01,1.225392549119345809e+01,1.185129831520256971e+01,1.223836856052152378e+01,1.183481642398383471e+01,1.221807478957102688e+01
6.882423806496968943e-01,6.207690564817237577e-01,6.862854541962734034e-01,6.632128161396031452e-01,6.885504974504530473e-01,6.714410392918895853e-01,6.932179195829263341e-01,6.924243070913939091e-01,6.693344527208223704e-01,6.908580214722469526e-01,6.677805849567284291e-01,6.891606342007084995e-01
6.285681841486891130e+00,5.668888890247373524e+00,6.266713076681158512e+00,6.055218274269027923e+00,6.292464210798270230e+00,6.142844064817840177e+00,6.340089665689313314e+00,6.331132655178322466e+00,6.118392809753988359e+00,6.313511939482189916e+00,6.101193901871642566e+00,6.295361262221590870e+00
1.136288198616204426e+01,1.024730259852146297e+01,1.132745751198643092e+01,1.094451979603228864e+01,1.136988579432899371e+01,1.111272292890702396e+01,1.146943557911866840e+01,1.145162261795176661e+01,1.106530000554537096e+01,1.141665671655169056e+01,1.103137157571979365e+01,1.138128803828510094e+01
1.610439311876148238e+01,1.452296010925620529e+01,1.605351544579118439e+01,1.551073945344239569e+01,1.612577147017792001e+01,1.575652674916759288e+01,1.626020770683511785e+01,1.623402597210928633e+01,1.568547678541019508e+01,1.618264471048489028e+01,1.563572103756665932e+01,1.613100882573798245e+01
1.130964364361762975e+01,1.019991990816593130e+01,1.127574787098169296e+01,1.089750442296266542e+01,1.135708659285307220e+01,1.105540683925151768e+01,1.140853118050098480e+01,1.139229098623991021e+01,1.100934139281511115e+01,1.136029125159978825e+01,1.097815418988466263e+01,1.132751210337877268e+01
6.882423806496968943e-01,6.207690564817237577e-01,6.862854541962734034e-01,6.632128161396031452e-01,6.885504974504530473e-01,6.714410392918895853e-01,6.932179195829263341e-01,6.924243070913939091e-01,6.693344527208223704e-01,6.908580214722469526e-01,6.677805849567284291e-01,6.891606342007084995e-01
2.026654647672994969e+00,1.828035865597162246e+00,2.021031407386028711e+00,1.953049192838776316e+00,2.027350927138527936e+00,1.976383497720132443e+00,2.040547505720997634e+00,2.038408755568685837e+00,1.970604806510905638e+00,2.034126578882329728e+00,1.966317709380227319e+00,2.029400042310986585e+00
6.285681841486891130e+00,5.668888890247373524e+00,6.266713076681158512e+00,6.055218274269027923e+00,6.292464210798270230e+00,6.142844064817840177e+00,6.340089665689313314e+00,6.331132655178322466e+00,6.118392809753988359e+00,6.313511939482189916e+00,6.101193901871642566e+00,6.295361262221590870e+00
1.136288198616204426e+01,1.024730259852146297e+01,1.132745751198643092e+01,1.094451979603228864e+01,1.136988579432899371e+01,1.111272292890702396e+01,1.146943557911866840e+01,1.145162261795176661e+01,1.106530000554537096e+01,1.141665671655169056e+01,1.103137157571979365e+01,1.138128803828510094e+01
1.610439311876148238e+01,1.452296010925620529e+01,1.605351544579118439e+01,1.551073945344239569e+01,1.612577147017792001e+01,1.575652674916759288e+01,1.626020770683511785e+01,1.623402597210928633e+01,1.568547678541019508e+01,1.618264471048489028e+01,1.563572103756665932e+01,1.613100882573798245e+01
1.130964364361762975e+01,1.019991990816593130e+01,1.127574787098169296e+01,1.089750442296266542e+01,1.135708659285307220e+01,1.105540683925151768e+01,1.140853118050098480e+01,1.139229098623991021e+01,1.100934139281511115e+01,1.136029125159978825e+01,1.097815418988466263e+01,1.132751210337877268e+01
1.312206107009560974e+01,1.183763058102123189e+01,1.308865180525006622e+01,1.264923076966924675e+01,1.310679180494683926e+01,1.276789856289843783e+01,1.318768032016865632e+01,1.317846289747247646e+01,1.274461170091376161e+01,1.316013951586146291e+01,1.272559829568197998e+01,1.313718348045311224e+01
9.094008481249639786e+00,8.203230568354726415e+00,9.069645262643199146e+00,8.764791672080653129e+00,9.086127263240868501e+00,8.858237225241769153e+00,9.148468099362558448e+00,9.140452845113653524e+00,8.837928666256507526e+00,9.124365897890713839e+00,8.821530301373664784e+00,9.105559890753749386e+00
5.407275573213221165e+00,4.877928435047309108e+00,5.393385277804603639e+00,5.212336492017145773e+00,5.401420950994650916e+00,5.261920063759081501e+00,5.435057977601058354e+00,5.431216722988348344e+00,5.252355368582939832e+00,5.423482017081000528e+00,5.244242590665940007e+00,5.413719527181711122e+00
9.046622987242594505e+00,8.159062657449604572e+00,9.019608600828894041e+00,8.715100580436832445e+00,9.037747267043545918e+00,8.833347539444572405e+00,9.121862050473136918e+00,9.109623388179009851e+00,8.804151048377690358e+00,9.085535240650058242e+00,8.780484858938434556e+00,9.060282063097574223e+00
5.679108027743317244e+00,5.122200678511332761e+00,5.662682871927890993e+00,5.471846443213999045e+00,5.676522274833737391e+00,5.542547269362454010e+00,5.722830276474915934e+00,5.715826360483911017e+00,5.524797419056761250e+00,5.702019112777957588e+00,5.511167216494484933e+00,5.687307134758361471e+00
8.190770259860942204e+00,7.386591507698457626e+00,8.165175276219034828e+00,7.889163663221779643e+00,8.193764678571591631e+00,8.009968162802577396e+00,8.267901392487315704e+00,8.255014609367224310e+00,7.976483386850211410e+00,8.229712113434709764e+00,7.951929582326224377e+00,8.204117475016396099e+00
9.238469390599002296e+00,8.331600827586546743e+00,9.209954286500638077e+00,8.898862481864926011e+00,9.244902325957085054e+00,9.032169154346048501e+00,9.322342096299342629e+00,9.308226151125621683e+00,8.994557766253590714e+00,9.280516114797791261e+00,8.967641661166446454e+00,9.252374176330862454e+00
1.480785352935868993e+01,1.335402209531807216e+01,1.476163866377511269e+01,1.426290746480779426e+01,1.482619441182079179e+01,1.448362354732939039e+01,1.494730540102655958e+01,1.492395135442865950e+01,1.442035668429930517e+01,1.487812289272498845e+01,1.437592015401826906e+01,1.483185136675601790e+01
1.368856566154956944e+01,1.234484524226188817e+01,1.364633685749769221e+01,1.318699889159202598e+01,1.373241662800312213e+01,1.338789013463258826e+01,1.381502610206604054e+01,1.379394740378856454e+01,1.332893541735410992e+01,1.375248684841394464e+01,1.328866451644897495e+01,1.371047880315780709e+01
1.032046103129407832e+01,9.309682719913457305e+00,1.029306509201350472e+01,9.947056791212139260e+00,1.031004685464765203e+01,1.004989987313038213e+01,1.037963565361626372e+01,1.037106324822219960e+01,1.002833903354508571e+01,1.035387375700034340e+01,1.001063618436072566e+01,1.033323808564045088e+01
9.184438812299269728e+00,8.283621566460574570e+00,9.157523142028994201e+00,8.848540886580806841e+00,9.176887237173069423e+00,8.964501892292997098e+00,9.256636606675391121e+00,9.245094909516391013e+00,8.935905783107536138e+00,9.222307615331459374e+00,8.913358695220910732e+00,9.197940153035698785e+00
1.126785317122438457e+01,1.016208365162334992e+01,1.123363838984476537e+01,1.085400806536993379e+01,1.125837447619931631e+01,1.100794820855599454e+01,1.136570555799425541e+01,1.134963059118266493e+01,1.096828756184929965e+01,1.131809833404982690e+01,1.093743878550724169e+01,1.128540215521750412e+01
1.612387963453612727e+01,1.454092650708158807e+01,1.607367938066828472e+01,1.552996559954163125e+01,1.609680028388465800e+01,1.575749465061205790e+01,1.627347612985615299e+01,1.624851500592956910e+01,1.570070981665164389e+01,1.619960143249617346e+01,1.565316226821417445e+01,1.614984379553968807e+01
5.989409798763312587e+00,5.401647787328206718e+00,5.971247249221281805e+00,5.769537027424343378e+00,5.987664481246840253e+00,5.852171478805138882e+00,6.041616064013407339e+00,6.033008901937291668e+00,5.830241156790032520e+00,6.016136776196039371e+00,5.813776093588186811e+00,5.998738504414303563e+00
1.032645091004992643e+01,9.312493686259104564e+00,1.029399225372962867e+01,9.945814618152271080e+00,1.033116081730033287e+01,1.010048297737941603e+01,1.042493569933647635e+01,1.040843445278542667e+01,1.005701089008694282e+01,1.037605943249259255e+01,1.002562226127868250e+01,1.034339291414316797e+01
1.355313165407179632e+01,1.222217653428158002e+01,1.351020131351496367e+01,1.305327113308547915e+01,1.356983726468344820e+01,1.326069673291977935e+01,1.368486221555783544e+01,1.366271634953160508e+01,1.320094638171535806e+01,1.361925585371116121e+01,1.315886597287270376e+01,1.357560187348927272e+01
1.391635731180887348e+01,1.255017177138822326e+01,1.387316202986660585e+01,1.340474079621219694e+01,1.394460111089244414e+01,1.361097400487948583e+01,1.404570362305662812e+01,1.402408691997410450e+01,1.355117357830224911e+01,1.398166509917721179e+01,1.351000727923815070e+01,1.393871989561870528e+01
1.022930188059806689e+01,9.225557023763654385e+00,1.019856345462799041e+01,9.855498522520065308e+00,1.025964115583896863e+01,9.998712770342827127e+00,1.031854748487472584e+01,1.030379588770866484e+01,9.957395817756653500e+00,1.027477117669582363e+01,9.929109369337558277e+00,1.024504981678724214e+01
1.057308912534141143e+01,9.536268966310828432e+00,1.054247814218040524e+01,1.018692552385845929e+01,1.056434820787325535e+01,1.031624429176213198e+01,1.065308768897711467e+01,1.064038417149386184e+01,1.028512027421295549e+01,1.061538501818707303e+01,1.026029643722753093e+01,1.058829373930255890e+01
1.778669421099869297e+01,1.604113540217309009e+01,1.773255652573206120e+01,1.713319330060891943e+01,1.773984180980621517e+01,1.736621917673718229e+01,1.794186590524192937e+01,1.791627155047344289e+01,1.731413059807652033e+01,1.786618576280501358e+01,1.726515775690331012e+01,1.781430407011497863e+01
2.199316828744672137e+01,1.983584795447706384e+01,2.192829505623085140e+01,2.118804231446654995e+01,2.195438019643840022e+01,2.146503335404489121e+01,2.216960225979051913e+01,2.214092186450702116e+01,2.139970727269072270e+01,2.208499153414066640e+01,2.134464021379384135e+01,2.202569100377965583e+01
1.929415749347407782e+01,1.740091964043470085e+01,1.923594790072288419e+01,1.858600055415051955e+01,1.924755711180108975e+01,1.883638326418897790e+01,1.945936938786018899e+01,1.943207241555752418e+01,1.877950399408835835e+01,1.937887284317653069e+01,1.872753574975673985e+01,1.932371106768957603e+01
6.123301765252367801e+00,5.522093743085817685e+00,6.104130983306195191e+00,5.897614163896966133e+00,6.117679886263212019e+00,5.987064560100208155e+00,6.181051091705052514e+00,6.171378361895919262e+00,5.963129853638514888e+00,6.152428085271502312e+00,5.944746642053052810e+00,6.133256699711817639e+00
1.009102634329846637e+01,9.100031878589245338e+00,1.005900326396679212e+01,9.718542326797004804e+00,1.009090819994642452e+01,9.871969535596551992e+00,1.018942977408843475e+01,1.017287314471375126e+01,9.828993313288025391e+00,1.014039526032362382e+01,9.797551905409058293e+00,1.010778520138788750e+01
1.791946054080501582e+01,1.615947279514745105e+01,1.786220811259001451e+01,1.725756617597863141e+01,1.792790688444301139e+01,1.753438583366944670e+01,1.809701471534371109e+01,1.806707385728508442e+01,1.745581918767467045e+01,1.800832126644998610e+01,1.739899102354794991e+01,1.794952059297635927e+01
1.807681301763897963e+01,1.630210992724263264e+01,1.802054383746352428e+01,1.741142464151444358e+01,1.809643146046593287e+01,1.767917783110134167e+01,1.824593334376130827e+01,1.821762117975799455e+01,1.760308236452474517e+01,1.816207786936104185e+01,1.754920255839186183e+01,1.810592255477585866e+01
7.701176725987346927e+00,6.945414589338005484e+00,7.677869432482869350e+00,7.420270359825343220e+00,7.728997826997191289e+00,7.529228577747940854e+00,7.769694998428226640e+00,7.758327862683683129e+00,7.497253951463848765e+00,7.735965831428767814e+00,7.475494563728571684e+00,7.713176218848674104e+00
1.265159842021661873e+01,1.141052496315045239e+01,1.261412763092178579e+01,1.218817658393491143e+01,1.262612953487361267e+01,1.234813061096407161e+01,1.275390380104124510e+01,1.273728254254189274e+01,1.231073996919298175e+01,1.270482372788684877e+01,1.227877942304940007e+01,1.267042423035443299e+01
2.252493285127291145e+01,2.031929721084031115e+01,2.246597282263893547e+01,2.171045690965117458e+01,2.246397167530633965e+01,2.191915225429161040e+01,2.264878671723170100e+01,2.263024019453057889e+01,2.188340194943801365e+01,2.259519205559856658e+01,2.184732665639323912e+01,2.255226993688096471e+01
2.203668937122821703e+01,1.987656969165801968e+01,2.197455498051643019e+01,2.123382751333712903e+01,2.197308795237541190e+01,2.147744284248352642e+01,2.219205665957927920e+01,2.216728432607650845e+01,2.142921351683139619e+01,2.211961416387557833e+01,2.138174607133865734e+01,2.206697252738475612e+01
2.156667738437652559e+01,1.945006767779588941e+01,2.150087535917758785e+01,2.077412215852737276e+01,2.150097055554390124e+01,2.105539726293087099e+01,2.175676345634460418e+01,2.172522005474566953e+01,2.099463922441006147e+01,2.166366934263706412e+01,2.093460739219188582e+01,2.160026611948013198e+01
9.781643973987035778e+00,8.821518927148588318e+00,9.751548655781823172e+00,9.421821360462301342e+00,9.764956460608010147e+00,9.558294391723544337e+00,9.870141906653326913e+00,9.855385240828974602e+00,9.523506555717942135e+00,9.826529746549544697e+00,9.495459050811252411e+00,9.797105097151607822e+00
1.251007042054820495e+01,1.128157160284672855e+01,1.247048575363506018e+01,1.204840867434797502e+01,1.250172820192586975e+01,1.223627939376153151e+01,1.263131287347466980e+01,1.261092194073012784e+01,1.218475656697095921e+01,1.257092651809391270e+01,1.214603185940493546e+01,1.253073958760971252e+01
2.019807444722205148e+01,1.821441045357286725e+01,2.013378291141242471e+01,1.945228305930644552e+01,2.019645636322349347e+01,1.975963472976535229e+01,2.039659026960283938e+01,2.036313551918417275e+01,1.967448026050627163e+01,2.029749173262715090e+01,1.961096523641794676e+01,2.023171518358588017e+01
1.448520265278833286e+01,1.306279621680849878e+01,1.443950145749814595e+01,1.395175685345869887e+01,1.450916958587215078e+01,1.417191971813839935e+01,1.462521583259369784e+01,1.460167357092985263e+01,1.410828405138085806e+01,1.455546174619295385e+01,1.406354105367181795e+01,1.450905059068478664e+01
1.265159842021661873e+01,1.141052496315045239e+01,1.261412763092178579e+01,1.218817658393491143e+01,1.262612953487361267e+01,1.234813061096407161e+01,1.275390380104124510e+01,1.273728254254189274e+01,1.231073996919298175e+01,1.270482372788684877e+01,1.227877942304940007e+01,1.267042423035443299e+01
2.252493285127291145e+01,2.031929721084031115e+01,2.246597282263893547e+01,2.171045690965117458e+01,2.246397167530633965e+01,2.191915225429161040e+01,2.264878671723170100e+01,2.263024019453057889e+01,2.188340194943801365e+01,2.259519205559856658e+01,2.184732665639323912e+01,2.255226993688096471e+01
2.203668937122821703e+01,1.987656969165801968e+01,2.197455498051643019e+01,2.123382751333712903e+01,2.197308795237541190e+01,2.147744284248352642e+01,2.219205665957927920e+01,2.216728432607650845e+01,2.142921351683139619e+01,2.211961416387557833e+01,2.138174607133865734e+01,2.206697252738475612e+01
2.156667738437652559e+01,1.945006767779588941e+01,2.150087535917758785e+01,2.077412215852737276e+01,2.150097055554390124e+01,2.105539726293087099e+01,2.175676345634460418e+01,2.172522005474566953e+01,2.099463922441006147e+01,2.166366934263706412e+01,2.093460739219188582e+01,2.160026611948013198e+01
1.251007042054820495e+01,1.128157160284672855e+01,1.247048575363506018e+01,1.204840867434797502e+01,1.250172820192586975e+01,1.223627939376153151e+01,1.263131287347466980e+01,1.261092194073012784e+01,1.218475656697095921e+01,1.257092651809391270e+01,1.214603185940493546e+01,1.253073958760971252e+01
2.019807444722205148e+01,1.821441045357286725e+01,2.013378291141242471e+01,1.945228305930644552e+01,2.019645636322349347e+01,1.975963472976535229e+01,2.039659026960283938e+01,2.036313551918417275e+01,1.967448026050627163e+01,2.029749173262715090e+01,1.961096523641794676e+01,2.023171518358588017e+01
1.448520265278833286e+01,1.306279621680849878e+01,1.443950145749814595e+01,1.395175685345869887e+01,1.450916958587215078e+01,1.417191971813839935e+01,1.462521583259369784e+01,1.460167357092985263e+01,1.410828405138085806e+01,1.455546174619295385e+01,1.406354105367181795e+01,1.450905059068478664e+01
1.970373737967010186e+01,1.777388261762175503e+01,1.965121302378232926e+01,1.898982671206145056e+01,1.964165396617175574e+01,1.917685975615704308e+01,1.981903862066867461e+01,1.980145543094193172e+01,1.914664962117452873e+01,1.976808972257479624e+01,1.911263246923913073e+01,1.972837410379068857e+01
2.004704580903052857e+01,1.808321176552772869e+01,1.999294654750823952e+01,1.932002626287937730e+01,1.998850580871105365e+01,1.952059742188453484e+01,2.017106242334842392e+01,2.015183012795448292e+01,1.948404063951969434e+01,2.011500347876548389e+01,1.944692746222018798e+01,2.007265624463557785e+01
1.677025270012265068e+01,1.512588951493553857e+01,1.672205155791195352e+01,1.615812132319081584e+01,1.673360905057897696e+01,1.635841172229795859e+01,1.689761100207921629e+01,1.687694550351594103e+01,1.631309080189775429e+01,1.683670509592497311e+01,1.627353450657001233e+01,1.679397680019639694e+01
8.064913509274676429e+00,7.273293336822496791e+00,8.040110776987146934e+00,7.768310028710495807e+00,8.050166898236868818e+00,7.880472257075428644e+00,8.138240842323032354e+00,8.126002861849960013e+00,7.852269123720028610e+00,8.102020145187253775e+00,7.828984893656318000e+00,8.077662955892005670e+00
9.020874499145792313e+00,8.135160423706283339e+00,8.992626427410828072e+00,8.688480000091677979e+00,9.018333755967599785e+00,8.821385294671003408e+00,9.106640175233506440e+00,9.092254529856907297e+00,8.785289603806955228e+00,9.064017368374427619e+00,8.757935652265182114e+00,9.035590472128449235e+00
1.014895196254610887e+01,9.152395210939454628e+00,1.011701574705893591e+01,9.774911219072238922e+00,1.015949004355371699e+01,9.927866842014342552e+00,1.024653701339226330e+01,1.023014605605824556e+01,9.884562446009331538e+00,1.019795629951898697e+01,9.853389778285794876e+00,1.016560802674242581e+01
1.305986403184347822e+01,1.177761571601868873e+01,1.301906962882340046e+01,1.257924867163672999e+01,1.307998067169605783e+01,1.277392503514806954e+01,1.318367224430896378e+01,1.316292355395328961e+01,1.271859064825098962e+01,1.312215960549337979e+01,1.267907849882299409e+01,1.308108792112569674e+01
5.316533486646046747e+00,4.795187924989075867e+00,5.301156674610830954e+00,5.122331833126769318e+00,5.308879996691453051e+00,5.187506871463337887e+00,5.357033818580354101e+00,5.350534494919531703e+00,5.171824350688324579e+00,5.337857897856876477e+00,5.159289792433345845e+00,5.324222425899243660e+00
8.257058630955000922e+00,7.447044969126364933e+00,8.232552183818418357e+00,7.954558263117425199e+00,8.241524540344871141e+00,8.060193166481193217e+00,8.324810251075250633e+00,8.313704051504137382e+00,8.035058853807367285e+00,8.292062876399716842e+00,8.013855989862831208e+00,8.269388539797242643e+00
1.059051155249516007e+01,9.550788147777218740e+00,1.055752833687720305e+01,1.020045478988161669e+01,1.058063196837310649e+01,1.035262266883448667e+01,1.068905964344909520e+01,1.067257900931447701e+01,1.031268368860539120e+01,1.064030603283148224e+01,1.028135227916281913e+01,1.060756301072547814e+01
1.247942851922212704e+01,1.125411763502413010e+01,1.244028619266400248e+01,1.201937327549356205e+01,1.245913626610213853e+01,1.219871119704743556e+01,1.259773049917887100e+01,1.257788646625209239e+01,1.215332444401539114e+01,1.253899515874904935e+01,1.211562171769753249e+01,1.249973561007791467e+01
1.457983388132089608e+01,1.314833912446769126e+01,1.453420277626020862e+01,1.404250836693774929e+01,1.456013574407389477e+01,1.425288030396820993e+01,1.471762527859164393e+01,1.469451884419377485e+01,1.419857849357882529e+01,1.464922235377877868e+01,1.415467200976889650e+01,1.460351069461647455e+01
1.624975930086378284e+01,1.465412500451569144e+01,1.619854923252999868e+01,1.565038837244634884e+01,1.623023347991716747e+01,1.588942540435469475e+01,1.640601305541401445e+01,1.637974270418205336e+01,1.582642397639592424e+01,1.632822147989727313e+01,1.577653389874566336e+01,1.627642491311690520e+01
1.364551541458524042e+01,1.230620437288057190e+01,1.360366834002075365e+01,1.314375867830892020e+01,1.362360150370001932e+01,1.333149198810564151e+01,1.376696914617653178e+01,1.374684114271257052e+01,1.328437972286885227e+01,1.370752389122819537e+01,1.324602260115562125e+01,1.366701121407019670e+01
1.542777305177296476e+01,1.391433484848227664e+01,1.538202217651344839e+01,1.486258618372015050e+01,1.538307589525415153e+01,1.505284089198615582e+01,1.555342347179725948e+01,1.553287784142279904e+01,1.501252770378708412e+01,1.549296137056499845e+01,1.497332271415437788e+01,1.545084104118787138e+01
1.619705595012940691e+01,1.460714035634836172e+01,1.614705698173958837e+01,1.560099577357805956e+01,1.614530765306297866e+01,1.581512058171722934e+01,1.634442076413519729e+01,1.631984790018852749e+01,1.577017410240042672e+01,1.627185372924525097e+01,1.572351060371100573e+01,1.622287085319217681e+01
1.380382547274976979e+01,1.244924460490746299e+01,1.376202869183756405e+01,1.329698362865578432e+01,1.376190410339087045e+01,1.347329834055900832e+01,1.392395327182020637e+01,1.390401084382738617e+01,1.343667128864768578e+01,1.386510685085039363e+01,1.339878382959496150e+01,1.382512237547244993e+01
1.393217261376883620e+01,1.256577783100516221e+01,1.389154988811502633e+01,1.342287417634424607e+01,1.389244796756131173e+01,1.359073759271076298e+01,1.404338820873189597e+01,1.402516627607506372e+01,1.355557521439867408e+01,1.398965166995406584e+01,1.352083486254664813e+01,1.395255564525048264e+01
1.296882771159045866e+01,1.169781514345561568e+01,1.293283552085414811e+01,1.249741177812311754e+01,1.294097112367498426e+01,1.264333633366274867e+01,1.306098014045305078e+01,1.304614670831050383e+01,1.261136428890290873e+01,1.301726177380879435e+01,1.258291331398343793e+01,1.298636982605484569e+01
8.294771061367999465e+00,7.480996536380142281e+00,8.270099095965703029e+00,7.990993683777252166e+00,8.287176192450635526e+00,8.100833660289827876e+00,8.365055801577810257e+00,8.353464355239204053e+00,8.073009062926011836e+00,8.330718512761682959e+00,8.050822051693966586e+00,8.307298750310051716e+00
1.616358186713734568e+01,1.457875048058200562e+01,1.611717442835366754e+01,1.557348261199949491e+01,1.612672880692780453e+01,1.576335780984175017e+01,1.628310352635057257e+01,1.626388110860134617e+01,1.572134520202048336e+01,1.622682523219915396e+01,1.568460242321307163e+01,1.618642926448316288e+01
1.410578810427733742e+01,1.272317649956920782e+01,1.406617342256661374e+01,1.359196578772167996e+01,1.405258470833068607e+01,1.373781422733329194e+01,1.420368955500342167e+01,1.418808250541251503e+01,1.371598822695703745e+01,1.415821175196848181e+01,1.368619462574483059e+01,1.412499932705331673e+01
1.667698517756164378e+01,1.504181166049838048e+01,1.662911233673990097e+01,1.606819460111857012e+01,1.661869123822450689e+01,1.625405855569988134e+01,1.680201488830894263e+01,1.678174561664462416e+01,1.622148492786288188e+01,1.674260319969803135e+01,1.618288457114994117e+01,1.670058128853887069e+01
1.589064825877590259e+01,1.433323967894329698e+01,1.584637808532428771e+01,1.531250718339977368e+01,1.585220769919566308e+01,1.548910336485342754e+01,1.600213482938858789e+01,1.598421737956054223e+01,1.545187913011567638e+01,1.594960524448574724e+01,1.541769325321124029e+01,1.591213826626525218e+01
1.427481936828304221e+01,1.287620820128348598e+01,1.423594279154638365e+01,1.375679628883598404e+01,1.423513741561672852e+01,1.390684336864522663e+01,1.437026417381621002e+01,1.435500730077098908e+01,1.387772348343694162e+01,1.432555953795236903e+01,1.384859375000491433e+01,1.429347474024100428e+01
1.134890384003141328e+01,1.023540466941554250e+01,1.131496212474207574e+01,1.093306751691720002e+01,1.133114065179349872e+01,1.108217611899863719e+01,1.144607962086393194e+01,1.143005244830703404e+01,1.104614163145463124e+01,1.139858086147797422e+01,1.101542648277287384e+01,1.136617399461626121e+01
1.616358186713734568e+01,1.457875048058200562e+01,1.611717442835366754e+01,1.557348261199949491e+01,1.612672880692780453e+01,1.576335780984175017e+01,1.628310352635057257e+01,1.626388110860134617e+01,1.572134520202048336e+01,1.622682523219915396e+01,1.568460242321307163e+01,1.618642926448316288e+01
1.410578810427733742e+01,1.272317649956920782e+01,1.406617342256661374e+01,1.359196578772167996e+01,1.405258470833068607e+01,1.373781422733329194e+01,1.420368955500342167e+01,1.418808250541251503e+01,1.371598822695703745e+01,1.415821175196848181e+01,1.368619462574483059e+01,1.412499932705331673e+01
1.667698517756164378e+01,1.504181166049838048e+01,1.662911233673990097e+01,1.606819460111857012e+01,1.661869123822450689e+01,1.625405855569988134e+01,1.680201488830894263e+01,1.678174561664462416e+01,1.622148492786288188e+01,1.674260319969803135e+01,1.618288457114994117e+01,1.670058128853887069e+01
1.589064825877590259e+01,1.433323967894329698e+01,1.584637808532428771e+01,1.531250718339977368e+01,1.585220769919566308e+01,1.548910336485342754e+01,1.600213482938858789e+01,1.598421737956054223e+01,1.545187913011567638e+01,1.594960524448574724e+01,1.541769325321124029e+01,1.591213826626525218e+01
1.427481936828304221e+01,1.287620820128348598e+01,1.423594279154638365e+01,1.375679628883598404e+01,1.423513741561672852e+01,1.390684336864522663e+01,1.437026417381621002e+01,1.435500730077098908e+01,1.387772348343694162e+01,1.432555953795236903e+01,1.384859375000491433e+01,1.429347474024100428e+01
1.346214817418745291e+01,1.214336644386286146e+01,1.342595723870475588e+01,1.297451919190298142e+01,1.343052855668036294e+01,1.311458432071978031e+01,1.354985676504320580e+01,1.353597631850922589e+01,1.308634746421378914e+01,1.350903708937151393e+01,1.305961089178298451e+01,1.347948622440327604e+01
1.134890384003141328e+01,1.023540466941554250e+01,1.131496212474207574e+01,1.093306751691720002e+01,1.133114065179349872e+01,1.108217611899863719e+01,1.144607962086393194e+01,1.143005244830703404e+01,1.104614163145463124e+01,1.139858086147797422e+01,1.101542648277287384e+01,1.136617399461626121e+01
